# Locations of individual according to updates (adjust time interval as desired in the main function, recorded only for a single execution)
# col1: x position, col2: y position, col3: type of individual(0:DCS, 1:GCS, 2:Target)
284.454228 -321.772206 0
145.821586 127.039789 0
287.353715 -318.950557 0
-68.100741 -426.861720 0
12.389612 404.307064 0
-54.850460 -449.471515 0
-270.324588 -383.514586 0
-3.264369 409.278789 0
-79.946136 -431.022528 0
284.920937 -329.821018 0
-254.941529 -380.759196 0
-259.083485 -378.711888 0
416.596498 174.629206 0
284.052242 -330.909245 0
108.975270 -418.133989 0
288.836649 -327.825562 0
287.739630 -329.639236 0
276.060717 -320.996005 0
171.422581 137.943872 0
283.457075 -318.491318 0
22.163690 372.799974 0
4.878057 400.865592 0
15.760111 205.563557 0
-272.278254 -386.251754 0
-3.715083 423.244503 0
-269.898084 -384.241522 0
-69.120596 -428.330965 0
281.863146 -331.879919 0
-74.943186 -430.605203 0
-74.493425 -430.404910 0
-65.585628 -435.448176 0
7.052281 396.574981 0
-279.951032 -389.540371 0
-9.999929 406.654324 0
-69.956442 -425.936509 0
-76.445105 -431.360812 0
284.805186 -325.040269 0
-85.972011 -425.090468 0
-63.997827 -436.002612 0
-75.099323 -430.098425 0
8.602943 411.715202 0
288.527053 -328.879509 0
130.782199 -420.391650 0
288.231312 -328.172456 0
279.991191 -316.111961 0
282.908062 -320.923011 0
284.880878 -330.736074 0
16.081754 207.540734 0
-273.372578 -385.473970 0
285.324030 -320.264144 0
-117.202735 486.069459 1
-117.005539 -176.414459 1
-119.302773 88.813181 1
-1.179228 380.489223 1
283.083998 -335.632729 1
33.060208 429.165967 1
-86.263733 211.055409 1
-132.723191 482.062812 1
-148.593375 477.343337 1
-68.294226 -378.204148 1
-117.298440 486.046372 1
-59.028441 198.561753 1
-221.396437 -330.636066 1
297.855123 -304.135105 1
33.446930 -454.304163 1
-32.886178 392.970067 1
-276.400406 -382.366297 1
-8.440952 378.196930 1
-84.918739 -374.222806 1
207.270044 136.622962 1
-364.615623 315.997537 1
23.740352 210.759560 1
412.332407 168.621292 1
211.309802 114.919707 1
354.796414 -298.079335 1
40.001098 419.367495 1
10.896199 201.739067 1
60.207777 424.568449 1
38.704494 171.973298 1
-112.967400 -169.853455 1
-93.174057 104.177082 1
-148.287614 477.504747 1
-96.922743 111.305284 1
-86.234994 211.849315 1
320.899190 -208.056031 1
-394.393019 -178.643578 1
265.413030 -374.634566 1
-31.296198 -396.575894 1
436.182431 -76.658430 1
-86.479983 211.543435 1
-241.481857 -327.019963 1
-117.547518 485.632462 1
-115.298339 -181.991289 1
463.372447 -62.428296 1
44.282097 169.596305 1
59.664053 432.094071 1
-85.281724 -372.764144 1
-85.710627 211.859209 1
-69.475110 -260.531642 1
-119.019351 -168.179172 1
-45.916139 -416.229489 2
-110.342473 39.491938 2
-26.157506 160.937918 2
252.084399 -274.539312 2
456.333921 -101.974250 2
249.859309 -276.060487 2
251.528389 -276.290329 2
-50.790578 77.734301 2
101.581041 103.962463 2
-370.818891 -223.268133 2
247.763029 -277.893043 2
250.998112 -275.356335 2
60.203348 -413.083596 2
-9.903970 -437.649017 2
248.262779 -277.398813 2
5.502238 461.098104 2
-163.848665 -195.996846 2
-86.426253 50.752140 2
250.314546 -276.062697 2
448.359467 24.422117 2
251.126653 -275.570253 2
250.242417 -275.913908 2
-188.142781 57.362379 2
250.580363 -275.513454 2
249.560562 -276.352788 2
251.672533 -276.424881 2
251.224870 -275.707636 2
6.761954 460.911142 2
250.082068 -276.159162 2
250.506200 -275.692075 2
5.627733 460.999802 2
-415.916842 95.795261 2
-173.553940 63.694490 2
-253.128135 97.947943 2
250.445682 -276.141565 2
250.075844 -275.997040 2
251.162498 -275.742106 2
252.798583 -274.107072 2
251.108537 -275.210578 2
248.951328 -276.760794 2
393.061962 218.734643 2
-1.403917 239.802125 2
5.369136 461.019842 2
5.328791 460.874923 2
-219.965501 181.909739 2
-282.448661 -399.819968 2
-256.635237 146.431185 2
14.811196 124.209553 2
252.022746 -274.684884 2
250.345794 -275.633073 2
