# Locations of individual according to updates (adjust time interval as desired in the main function, recorded only for a single execution)
# col1: x position, col2: y position, col3: type of individual(0:DCS, 1:GCS, 2:Target)
129.966234 -214.232017 0
-293.023502 225.454051 0
133.156342 -186.197151 0
129.409721 -208.730476 0
290.698029 -335.527228 0
301.069237 -313.609560 0
154.101861 -96.844492 0
133.497998 -215.644674 0
120.315820 394.049316 0
132.556394 -217.654202 0
-50.643787 -473.749634 0
-174.749902 410.972446 0
146.353927 -87.804181 0
137.478157 -220.753226 0
143.482594 -90.988212 0
129.395595 -214.007370 0
110.502992 384.419986 0
292.462056 -324.738252 0
87.206291 -74.221311 0
148.527378 -93.748388 0
125.874836 -176.649913 0
289.160105 -333.112251 0
129.153712 -209.387483 0
291.850214 -335.558691 0
107.347141 -87.112245 0
-155.628262 415.529808 0
287.692018 -338.566129 0
114.986065 -158.620695 0
150.871499 -99.413436 0
-305.064447 233.263882 0
115.062763 -176.491676 0
-308.574004 233.949626 0
293.320029 -321.031725 0
140.037088 -100.960830 0
-155.642543 418.083322 0
-154.046602 415.402607 0
152.346381 -88.413499 0
299.776248 -310.853656 0
291.184886 -336.622897 0
287.533429 -315.435832 0
-202.460281 198.376800 0
139.934748 -79.802043 0
-252.141200 190.677475 0
-43.515434 -464.442217 0
-144.491499 416.713368 0
-50.799284 -473.014344 0
287.115152 -341.074552 0
-304.411866 225.597834 0
296.023795 -321.197778 0
-307.789558 224.442767 0
-271.396508 234.043611 1
-309.553418 236.321536 1
-298.741018 253.490335 1
-344.504814 -193.306386 1
263.694550 -63.327110 1
-428.607578 129.088561 1
164.983844 -92.850167 1
121.882759 -149.334727 1
264.965213 -53.925767 1
-338.766126 -199.333061 1
-24.036929 100.775957 1
26.738743 -467.400500 1
13.202518 114.705928 1
-260.867361 -145.776883 1
-340.367771 -194.693877 1
-271.343109 233.379268 1
-321.027168 -179.791441 1
96.427572 366.202284 1
485.447244 82.982987 1
-287.467915 -153.671533 1
-400.564785 121.265855 1
-276.871440 269.035661 1
-11.599383 -464.775610 1
-291.955363 275.995796 1
-430.694056 129.975553 1
-277.938204 249.859273 1
-345.522228 -194.593215 1
156.338926 -333.316387 1
22.838618 -88.299574 1
325.305645 -323.447797 1
-273.046596 -180.988313 1
100.045195 367.521746 1
-77.495383 51.111401 1
-280.414546 251.409258 1
-400.561444 120.402273 1
-270.793859 242.810713 1
-328.169811 276.337380 1
3.019515 -100.442738 1
-12.750230 -102.102917 1
-4.301626 -424.125335 1
-434.463901 131.850885 1
-1.276689 -462.400724 1
-55.901547 -469.435093 1
-431.602813 130.541261 1
258.391661 -23.410724 1
-84.571201 -463.084134 1
-449.783552 141.049859 1
112.755567 384.020039 1
-317.991839 -180.704643 1
123.070168 -226.609850 1
-66.551545 -480.143458 2
167.378864 -38.199443 2
165.222214 -36.670355 2
154.776806 425.873219 2
169.351622 -39.454403 2
-291.306064 -103.643571 2
-66.859462 -480.117922 2
-66.203993 -480.350750 2
-285.217387 193.142455 2
109.404145 -350.565038 2
87.261997 -24.266932 2
-377.842898 -155.425688 2
163.971306 -35.975351 2
249.636832 -374.395307 2
-111.319739 266.885746 2
-158.804076 222.594069 2
249.678361 -374.256212 2
249.378642 -374.213983 2
-293.110799 -103.884551 2
-295.000487 -104.025766 2
118.123212 -34.788023 2
249.745716 -374.134957 2
165.286524 -36.850014 2
248.481091 -372.968073 2
-220.767902 391.492994 2
-268.318613 -354.633305 2
-274.721927 -350.360895 2
-278.836858 200.761205 2
165.139424 -36.948433 2
111.502057 -355.204276 2
-332.739272 -131.142305 2
-295.151389 -104.074747 2
-93.756873 260.351106 2
-332.450198 -131.090040 2
-220.060422 390.007408 2
93.638310 -205.068981 2
148.460636 -382.809443 2
-272.985191 -349.549153 2
-287.183506 190.843974 2
-5.587471 161.382085 2
-106.348608 260.839936 2
249.643350 -374.282137 2
163.084083 -35.453035 2
-66.017218 -480.405469 2
170.655445 -40.374035 2
-376.668760 245.231167 2
167.620551 -38.127075 2
249.299130 -374.040064 2
-292.402010 -103.959464 2
249.687241 -374.225474 2
