# Locations of individual according to updates (adjust time interval as desired in the main function, recorded only for a single execution)
# col1: x position, col2: y position, col3: type of individual(0:DCS, 1:GCS, 2:Target)
308.984647 -315.141801 0
-71.991635 -63.971726 0
9.998830 -444.014091 0
-71.445348 -66.019392 0
220.801343 64.968027 0
-127.170722 -359.456900 0
353.686058 -150.112459 0
-80.981424 -25.598584 0
351.947555 -118.629053 0
-29.074557 -408.473381 0
-29.069461 270.434358 0
354.475832 -149.522331 0
-194.550276 -26.264150 0
-121.844853 -360.572140 0
354.398753 -142.167966 0
-45.932942 -417.736972 0
-76.479990 -30.410370 0
-428.299223 30.626042 0
-55.727244 -444.977974 0
148.479466 -328.373617 0
2.460539 -454.347478 0
356.583515 -143.999702 0
353.995733 -88.864288 0
355.934468 -161.387539 0
-46.142186 -418.478306 0
-75.076838 -51.086503 0
355.428181 -147.408273 0
357.334372 -143.307834 0
-76.125972 -39.756005 0
-33.678842 260.758360 0
5.568369 -458.303244 0
-36.598856 -414.056485 0
354.142181 -141.968787 0
187.492588 58.242676 0
-32.812702 270.714076 0
-76.338972 -52.972393 0
354.417419 -131.618152 0
-118.663514 -357.570642 0
-443.639604 -1.860327 0
187.564993 61.790493 0
294.994374 -312.800985 0
7.151524 -458.847188 0
-77.041400 -34.847936 0
356.044685 -131.677362 0
1.127129 -447.311025 0
186.865746 49.724418 0
-52.566493 -448.241847 0
353.896322 -160.525799 0
350.797196 -116.585651 0
-78.569371 -34.221454 0
277.484318 77.597302 0
-73.022226 -59.589062 0
-73.778573 -56.874837 0
-79.568636 -29.196796 0
186.523537 68.040032 0
-79.614280 -28.551424 0
354.808642 -141.435200 0
355.137284 -138.165044 0
-77.102013 -50.414062 0
354.778460 -160.740049 0
353.763008 -147.797291 0
353.813238 -138.738325 0
353.010215 -120.234338 0
-76.445854 -43.007499 0
-75.906214 -53.665163 0
251.613563 -202.469588 0
409.043890 163.186925 0
-73.682384 -56.787738 0
-41.841780 -416.090550 0
1.180424 -452.970329 0
354.248350 -134.250515 0
353.123482 -139.272907 0
355.372257 -154.278792 0
355.733087 -142.035913 0
353.558213 -146.531219 0
354.101706 -131.702291 0
416.408481 -156.223699 0
-49.853847 -420.620443 0
-10.107691 -463.236882 0
353.820588 -128.160390 0
355.587186 -151.472803 0
416.762604 -129.178649 0
-71.749543 -65.857506 0
0.158276 -448.705572 0
-36.347084 253.808498 0
-76.434503 -43.857325 0
6.695333 -438.755420 0
-74.231471 -43.863621 0
-21.739193 -411.080425 0
-12.282525 -400.361938 0
-77.056728 -42.792417 0
356.547803 -137.366929 0
302.532035 -307.761814 0
-76.198744 -45.605265 0
406.156459 -155.042041 0
353.877696 -119.821959 0
353.712105 -132.691374 0
-176.222571 -62.971789 0
-127.950503 -350.815041 0
354.101208 -144.379572 0
218.429993 10.426125 2
-30.351387 -452.827025 2
221.702899 13.362566 2
433.866432 119.908959 2
-20.045680 -187.112406 2
395.412154 115.059218 2
50.739981 154.917836 2
-174.486358 -375.793011 2
-27.168725 -443.981536 2
-29.760175 -450.997003 2
-374.007963 -42.819790 2
-446.819206 -51.767994 2
-28.111391 -446.384467 2
218.994601 10.200447 2
-28.740978 320.506755 2
115.245580 -422.606003 2
254.450501 -252.286169 2
-45.104733 -381.553254 2
-39.764320 -396.885909 2
-44.664502 -382.596764 2
352.608315 -211.789110 2
323.341931 -262.358320 2
-36.746960 -470.868681 2
340.923564 -275.730485 2
-171.015839 -383.514096 2
400.781900 -204.694283 2
-38.575980 -399.406831 2
-240.302220 -47.180466 2
-28.509630 -447.926780 2
-173.196766 -379.056731 2
-40.921827 -393.268292 2
257.566328 31.185625 2
-26.516679 -442.235784 2
-187.635427 -111.602421 2
313.838174 -259.171884 2
330.106288 -266.175135 2
-28.240946 -446.915132 2
-61.307012 -115.306353 2
-26.652991 -442.395945 2
-27.268499 -444.173094 2
-28.718612 -448.079949 2
313.398139 -259.095258 2
138.780434 -278.515447 2
211.310492 5.745764 2
-125.599567 -263.769348 2
313.734363 43.287982 2
-43.532971 -385.059947 2
-349.437100 -68.587964 2
-27.841234 -445.780265 2
400.926016 -204.612234 2
