# Locations of individual according to updates (adjust time interval as desired in the main function, recorded only for a single execution)
# col1: x position, col2: y position, col3: type of individual(0:DCS, 1:GCS, 2:Target)
-187.017050 86.133626 0
302.989728 -222.663661 0
-390.645044 192.765564 0
-396.459557 188.831654 0
320.627313 -225.661672 0
-300.627449 -348.970032 0
-173.184356 82.241523 0
108.685558 -222.191572 0
-186.331194 84.515678 0
-315.768854 -334.069034 0
-264.036131 -27.468220 0
-319.769872 -329.601106 0
123.198752 -241.444836 0
-324.904713 -327.289526 0
-243.004616 -55.060714 0
-316.003331 -338.295933 0
-316.362966 -117.640030 0
-314.669439 -331.523061 0
-321.982815 -331.587297 0
110.119665 -230.186734 0
-196.626467 88.325601 0
-326.630230 -325.113473 0
-264.698783 -26.712799 0
-394.617444 191.120803 0
-387.651659 195.773347 0
-318.473665 -328.471792 0
-194.419343 86.712985 0
-399.335352 179.891306 0
-389.293415 193.407348 0
-243.901962 -34.260316 0
349.106723 278.660754 0
-389.270329 190.675379 0
-257.556547 -29.847307 0
-257.063141 -29.774293 0
-368.732516 202.801434 0
303.624793 -221.359506 0
-295.229433 -352.864948 0
-71.315892 440.053046 0
-319.385698 -332.453301 0
-313.581671 -334.788824 0
311.022164 -225.717831 0
-307.536958 -348.181530 0
306.935062 -228.298559 0
-307.538019 -156.053918 0
-319.322882 -333.217754 0
-266.691675 -27.296515 0
-303.946150 -344.408419 0
-308.091574 -337.582633 0
-267.915858 -30.643718 0
-307.227231 -338.917995 0
-123.014352 442.623081 1
88.287470 -180.386087 1
-229.619314 -53.913025 1
-325.354467 -340.386936 1
379.895365 224.099736 1
393.141181 -102.296333 1
-280.173593 -11.606115 1
317.653734 -226.036325 1
-293.863119 -12.729871 1
327.121323 -139.709978 1
-359.388795 216.826720 1
1.517589 -165.424809 1
315.684452 -210.900823 1
95.238193 -227.805024 1
389.115349 -105.143670 1
225.478803 -257.727680 1
-326.861914 -331.496147 1
-324.625841 -329.928933 1
-282.558587 -331.661299 1
391.370928 -98.968612 1
-216.261737 -46.113780 1
-220.268077 -52.927604 1
-320.881378 -311.728197 1
80.988115 -141.050092 1
375.212622 -127.870854 1
-242.246225 -406.718295 1
-129.092086 450.789448 1
355.304180 -144.636567 1
225.218884 -268.653321 1
66.126857 -178.144287 1
-214.813521 -44.710808 1
16.143053 402.854437 1
-224.952307 96.095741 1
-228.447344 -89.489007 1
-258.957158 -401.293742 1
134.420775 -206.961443 1
15.873064 406.690990 1
-261.262397 -401.825650 1
28.386300 -253.935506 1
87.842652 -179.267877 1
-321.357786 -331.947207 1
-410.547415 171.244452 1
395.889349 -100.560876 1
369.041942 235.850924 1
131.931668 -189.334422 1
256.482698 -254.834702 1
-283.034829 -37.398098 1
-126.925397 434.353878 1
-450.927547 -216.019321 1
-271.579263 -168.954253 1
-97.185648 419.336714 2
-365.227983 -128.246445 2
421.902604 -145.792371 2
299.345011 -280.428687 2
369.291980 -236.835705 2
300.788514 -278.670328 2
157.842349 -277.507648 2
-97.550893 421.986971 2
-225.908579 -29.861010 2
298.397216 -282.911364 2
-221.766875 -18.229761 2
421.989677 -145.709228 2
300.839122 -277.293351 2
-330.583288 181.601349 2
301.105530 -277.722922 2
-358.769755 -156.992776 2
-97.472780 421.705682 2
143.943699 -286.972833 2
-311.485205 -206.867815 2
145.149956 -286.351503 2
-225.121715 -27.873533 2
146.415880 -285.642101 2
300.208056 -279.942885 2
-335.261030 297.026203 2
146.101502 -285.784010 2
300.958651 -277.423455 2
301.159095 -277.951086 2
-123.857182 74.571466 2
152.872376 -281.666959 2
138.785824 -288.844264 2
-360.924202 -140.091278 2
-330.977352 -201.646287 2
400.533082 -171.106927 2
421.644657 -146.342052 2
-355.816502 -274.765345 2
129.798131 -291.007334 2
318.504665 317.975041 2
398.409023 -172.544714 2
402.232352 -170.229263 2
401.929040 -170.621388 2
359.713581 -257.018406 2
401.768871 -170.319679 2
421.816361 -145.826171 2
-226.133858 -30.544304 2
397.699323 -172.648993 2
318.369455 317.903720 2
3.227416 -297.017017 2
-355.179247 -274.931184 2
-337.139852 188.179094 2
422.076394 -145.379038 2
