# Locations of individual according to updates (adjust time interval as desired in the main function, recorded only for a single execution)
# col1: x position, col2: y position, col3: type of individual(0:DCS, 1:GCS, 2:Target)
-369.745246 -41.810544 0
250.009513 277.587854 0
410.906046 10.280302 0
-48.744483 230.919362 0
-194.297353 -371.282662 0
-144.573903 -385.810889 0
401.048026 -17.560123 0
407.645947 0.333027 0
230.694320 286.152727 0
-350.898962 -245.552484 0
216.164662 287.852464 0
238.221469 278.746914 0
-188.394932 -379.071597 0
-179.779817 -386.674556 0
408.032846 3.331679 0
-189.859467 -372.500673 0
-437.609442 -89.537746 0
31.802166 442.748539 0
-45.583176 226.859418 0
227.507143 286.482450 0
-199.093495 -368.161280 0
-136.006393 -376.835304 0
208.152495 291.832454 0
229.959341 283.690783 0
-82.638291 138.072133 1
-53.175112 245.662394 0
-181.542066 -380.867259 0
-359.772197 -236.359896 0
-182.348386 -383.938996 0
-353.227801 -243.055860 0
-56.783868 241.608177 0
-0.636749 -395.714926 0
-184.610066 -372.147708 0
211.251345 291.577622 0
401.640744 -22.941190 0
-190.572437 -368.853135 0
-44.394842 231.101644 0
11.766883 -397.367126 0
9.053229 -399.183476 0
412.111728 13.542487 0
412.352761 11.019411 0
-380.614707 -34.234037 0
-162.368679 -407.707658 0
404.357562 -5.033499 0
214.117816 289.242354 0
-169.463244 -405.700297 0
407.417564 -9.452172 0
-190.735426 -372.907952 0
-172.668904 -400.911912 0
0.082537 -403.519325 0
228.680220 283.982598 0
28.370181 429.546009 0
-16.362534 -390.059969 0
-16.405159 -391.337592 0
374.741449 28.111155 0
-101.100406 167.609568 0
228.572356 286.837008 0
411.532208 19.952123 0
251.119790 370.026363 0
236.887784 279.124611 0
-98.048359 193.303759 0
-7.880059 -397.757032 0
220.527973 286.864303 0
402.300854 -11.305666 0
240.152749 280.551121 0
230.611343 282.136473 0
-178.559441 -384.186740 0
406.878141 -12.829564 0
-189.780535 -369.025298 0
44.904702 395.314439 1
-39.372647 232.219861 0
-80.789355 227.343356 0
408.320076 -5.718153 0
-3.314695 -399.279893 0
-44.150170 239.729022 0
-174.725483 -403.733360 0
-377.339835 -42.479346 0
-25.669545 -444.468944 0
-175.254378 -387.816217 0
234.445459 282.840926 0
-54.064154 248.360979 0
400.022634 -32.594644 0
-42.900199 228.803290 0
228.352322 285.058518 0
-175.573398 -408.350385 0
245.965903 280.807876 0
-32.425857 260.929315 0
409.482474 12.471787 0
-140.766590 -365.929833 0
5.976591 -403.154108 0
-13.388190 -390.183158 0
-201.999597 257.374998 0
-19.094125 -444.976884 0
-43.985913 225.515600 0
-195.552119 -369.797122 0
-180.292514 -389.373312 0
-185.396325 -384.364791 0
-370.303585 -41.969891 0
216.799208 289.126529 0
-43.091185 230.858700 0
-18.110578 449.328816 2
210.612024 398.170344 2
160.688801 194.903913 2
-120.164924 -434.001135 2
210.540469 397.856306 2
-135.139189 226.766202 2
210.156170 397.668812 2
-120.574243 -434.009451 2
210.127813 398.174596 2
-313.505734 -278.718741 2
-61.712927 -368.636826 2
-406.790855 8.380793 2
209.836495 397.719425 2
210.229082 398.209248 2
-20.608831 442.256845 2
-75.831565 -443.461478 2
209.501809 397.549559 2
-120.397300 -433.946311 2
-128.444964 242.262714 2
387.936670 76.554197 2
209.785200 398.114542 2
-141.124322 218.883354 2
-59.958683 302.953270 2
209.463414 397.399134 2
209.734815 397.911305 2
-94.913303 277.047095 2
159.704626 304.129883 2
-242.333539 287.410888 2
210.349615 397.561438 2
-96.178665 275.317945 2
210.408350 398.232224 2
-105.337114 270.742335 2
236.714863 -342.721136 2
-150.186527 176.867101 2
130.957501 -24.396002 2
-403.944915 9.934455 2
-97.989543 274.252665 2
-115.559617 -426.402204 2
240.734788 -156.362651 2
-20.004474 444.656988 2
-17.949702 449.650833 2
209.885819 397.976478 2
422.491748 68.655044 2
-131.008204 231.373688 2
-428.111227 -138.601498 2
210.193110 398.058337 2
-112.774312 -424.400199 2
235.670961 -336.289969 2
210.692802 397.786676 2
-20.940936 439.093935 2
