# Locations of individual according to updates (adjust time interval as desired in the main function, recorded only for a single execution)
# col1: x position, col2: y position, col3: type of individual(0:DCS, 1:GCS, 2:Target)
387.447558 15.708378 0
214.549372 349.259863 0
227.388602 347.512439 0
-235.473844 262.878477 0
-431.901060 38.486248 0
264.430495 329.031599 0
-436.413106 44.076430 0
-432.431610 48.446398 0
79.906280 142.301665 0
269.307701 207.378482 0
258.987295 318.533528 0
-429.037395 36.161913 0
-234.440169 263.182614 0
221.748693 344.327504 0
213.562147 341.588162 0
381.769950 7.095914 0
-437.313449 42.054644 0
200.566537 324.848972 0
209.509831 333.416299 0
-425.919320 36.079770 0
-314.234243 28.439035 0
218.365290 352.333320 0
210.359480 339.201987 0
213.812082 349.326468 0
136.602506 153.587365 0
-218.777392 155.663991 0
193.794736 361.828469 0
415.818455 0.092129 0
-93.704535 69.140874 0
211.792846 342.092664 0
105.579584 212.893258 0
-286.615228 -28.013857 0
-432.614507 38.025198 0
207.514902 338.774223 0
207.547855 332.099917 0
-289.492136 -24.879026 0
-93.313255 66.861135 0
-430.344116 38.942036 0
-215.933489 155.292898 0
-287.898487 -27.743907 0
-293.020785 -20.909883 0
-316.652767 30.987206 0
214.595742 349.990588 0
-206.308715 145.677925 0
148.991246 114.379134 0
-96.554219 66.661158 0
378.176008 19.719864 0
-242.058231 242.695049 0
-428.736085 38.260217 0
-216.848800 151.373814 0
-9.379962 -433.837148 1
4.653885 -441.222774 1
234.843460 -421.458250 1
-427.143600 -6.878623 1
237.484670 -417.330166 1
376.080251 36.408488 1
354.738481 -266.911545 1
240.399691 -429.055495 1
-134.338719 62.421550 1
-419.879001 124.024857 1
-122.872172 77.376437 1
234.805615 -417.199124 1
357.096926 292.367952 1
-424.360106 48.539641 1
235.182674 -423.308499 1
-111.490679 83.348952 1
-431.836320 118.014843 1
23.616805 -444.477307 1
-436.039377 47.708137 1
-123.423332 60.450614 1
-436.321953 -64.334421 1
-438.879080 -46.847484 1
283.754288 195.692351 1
245.927527 -427.906222 1
314.786918 -177.006676 1
236.674047 -436.945817 1
236.613917 -431.197829 1
-438.526441 -56.836415 1
130.164061 105.655860 1
380.753097 36.512986 1
236.320452 -413.904033 1
287.183797 202.463595 1
-197.902234 144.823379 1
243.290052 -425.640874 1
-388.875398 -168.162284 1
239.068162 -428.989080 1
308.369781 313.245515 1
-413.573670 127.413780 1
-431.509783 45.253025 1
146.837967 103.125379 1
-54.641769 203.560213 1
-198.961057 141.751971 1
24.605008 210.194131 1
235.594688 -427.837404 1
134.157436 92.504637 1
378.397777 68.591054 1
-3.925711 -436.730668 1
338.222375 -140.543455 1
38.152938 232.241832 1
-423.231768 118.774919 1
347.850225 -214.659347 2
428.462042 48.472464 2
117.549933 -199.073509 2
428.859510 48.418494 2
-380.669056 11.706810 2
-272.508546 -76.291895 2
-234.798298 378.962482 2
-202.552066 143.989893 2
73.544896 -443.881336 2
-380.937917 12.297385 2
428.632893 48.477168 2
-94.937258 173.561452 2
-75.091777 157.722491 2
428.644508 48.454406 2
427.204414 46.513063 2
-380.954092 12.111438 2
-55.786494 102.107462 2
64.014035 185.821504 2
363.559296 -188.637366 2
-250.589383 370.839597 2
429.009407 48.664980 2
151.969375 199.417458 2
-214.777931 309.011205 2
-93.447712 171.158066 2
-236.940800 378.942536 2
387.376269 -228.916299 2
-341.690650 74.669385 2
386.277632 -125.064427 2
234.827045 -189.628879 2
186.588832 154.668544 2
2.115969 162.697252 2
366.585191 -65.529864 2
408.568121 20.514056 2
364.131741 -186.365441 2
429.245031 48.666128 2
296.167815 352.499481 2
440.591654 -79.375880 2
235.041973 391.845297 2
-91.463996 169.037848 2
199.503171 407.565644 2
-325.311541 -303.138134 2
199.255545 111.330437 2
264.826668 257.181755 2
385.617271 -48.452105 2
259.716444 256.358051 2
388.304903 -52.254775 2
428.623626 48.328819 2
286.267396 361.306968 2
373.335093 -177.345684 2
198.846944 118.662766 2
