# Locations of individual according to updates (adjust time interval as desired in the main function, recorded only for a single execution)
# col1: x position, col2: y position, col3: type of individual(0:DCS, 1:GCS, 2:Target)
339.374413 308.685095 0
320.214955 331.485155 0
-329.147773 278.878232 0
339.697173 305.061340 0
342.623350 312.101232 0
330.602151 322.453398 0
336.257413 306.490517 0
336.379147 302.908482 0
321.204172 332.581947 0
371.005525 175.685592 0
299.574047 343.940455 0
-453.393170 3.278739 0
94.310745 -466.221222 0
-354.500914 241.681856 0
321.156295 330.431139 0
-337.019670 279.666622 0
96.982455 -464.613855 0
477.339563 83.203298 0
-348.753391 237.049646 0
338.056071 312.854734 0
-336.687431 280.937683 0
341.110422 301.421422 0
98.947038 -465.695416 0
340.789436 316.256136 0
336.699794 315.156856 0
339.553618 304.604692 0
340.942840 306.958529 0
366.814587 166.218425 0
338.713793 309.132899 0
-245.606765 -359.197207 0
314.025407 341.699671 0
315.338670 334.086706 0
481.887186 83.308275 0
342.156024 304.210753 0
88.907709 -461.702621 0
318.835709 329.537084 0
322.678900 329.633671 0
340.911723 303.893136 0
-344.409852 240.975284 0
366.661290 167.660702 0
342.220389 298.946271 0
88.778739 -462.196593 0
342.225300 307.109823 0
-336.145168 285.549626 0
105.039504 -467.081727 0
312.698795 335.961690 0
326.732980 323.112197 0
371.941691 169.355436 0
352.798014 289.688076 0
-333.020311 284.051783 0
109.588157 57.604373 1
333.338466 282.631890 1
385.419210 164.581989 1
349.943029 174.326755 1
-277.609293 -275.801100 1
-394.425019 -117.285710 1
289.670559 227.557907 1
-441.792824 119.214272 1
297.091683 220.293261 1
-394.287561 -122.341640 1
-275.549416 -260.454576 1
-270.450433 -261.690044 1
-286.362975 -299.632347 1
-344.701955 275.069148 1
339.547712 161.424969 1
-280.522405 -289.253266 1
299.028869 223.651438 1
290.455779 225.353990 1
359.101814 198.159519 1
111.896466 64.756934 1
-329.184479 301.772300 1
-393.563173 -119.590911 1
81.573375 -462.340520 1
-286.992622 -255.714374 1
108.115327 -460.226005 1
-217.178600 -395.456681 1
-336.553627 288.323120 1
-302.326268 -304.558187 1
-314.707844 -304.699905 1
350.777929 356.307234 1
-301.206707 -301.901935 1
98.284589 63.530618 1
-280.726450 -272.530839 1
-364.267274 -115.446815 1
335.810556 163.437266 1
301.321378 220.669332 1
100.941666 -469.828749 1
390.137859 165.624970 1
332.813856 203.631881 1
114.245506 66.118101 1
-371.621041 -99.060670 1
101.837406 44.948836 1
-395.610373 -119.707484 1
-331.160853 -301.011322 1
430.594696 -128.047606 1
336.779665 151.886082 1
-391.552533 -121.355994 1
361.798797 194.561760 1
-441.723986 122.336666 1
159.623345 -437.102455 1
-342.822686 187.404934 2
485.575769 88.365347 2
80.682106 -434.060447 2
-40.886258 68.625680 2
-247.571642 -316.921386 2
-358.810525 188.162432 2
255.385711 233.299086 2
-85.638322 322.053152 2
-340.856838 187.714387 2
-343.617395 187.310795 2
-245.186122 -315.326265 2
-343.055295 187.364867 2
-336.527749 188.590558 2
404.112921 209.127323 2
433.538738 118.322147 2
-340.687045 187.849755 2
374.225058 245.144514 2
-231.339742 -297.953423 2
83.893223 -175.256225 2
98.496294 -5.175830 2
-452.620782 48.039700 2
395.385312 199.281353 2
375.743847 245.370998 2
-341.616220 187.591554 2
-226.434930 -285.714218 2
86.636209 -30.529708 2
137.328654 9.538469 2
448.000052 1.988197 2
435.456773 111.477845 2
-341.668772 187.589971 2
141.009530 12.901783 2
375.191307 245.279169 2
-335.048887 189.118788 2
-279.494999 284.198603 2
-424.744653 -77.114976 2
374.669546 245.188409 2
-261.345678 -326.211822 2
-422.887424 -75.999474 2
-427.316350 -78.893416 2
-423.043419 -76.205930 2
-243.419441 -314.464131 2
431.704982 118.793774 2
101.493877 -410.409405 2
-321.217020 195.302447 2
-342.052214 187.556407 2
-339.364457 187.999081 2
485.875221 88.174885 2
67.901529 -414.101012 2
153.055553 31.165080 2
-315.502739 199.925266 2
