# Locations of individual according to updates (adjust time interval as desired in the main function, recorded only for a single execution)
# col1: x position, col2: y position, col3: type of individual(0:DCS, 1:GCS, 2:Target)
292.750172 -331.535049 0
300.915776 -307.886293 0
291.701933 -328.755827 0
298.854927 -320.783836 0
283.469404 -340.837613 0
287.577260 -339.281101 0
299.499559 -317.203059 0
296.783128 -327.950489 0
52.132206 -162.974626 0
297.299375 -36.766923 0
60.719055 -144.805257 0
277.646203 -355.396667 0
54.732773 -250.218105 0
297.529195 -327.126939 0
284.428485 -341.485175 0
-199.198811 -179.624050 0
200.399946 -141.547667 0
303.445413 -307.252273 0
281.691633 -341.177019 0
-131.976364 -431.458002 0
290.450320 -339.146074 0
293.485056 -329.745363 0
282.654332 -341.687057 0
201.876912 -137.104945 0
288.007739 -335.910902 0
-134.042689 -239.131316 0
67.109348 -186.731597 0
287.892391 -329.291816 0
279.835918 -342.561552 0
292.807236 -335.745760 0
300.081911 -317.118090 0
-94.851063 -303.603542 0
306.309297 -319.823785 0
276.125995 -346.343566 0
297.842778 -315.046728 0
290.815365 -334.510626 0
291.764029 -329.833121 0
277.296702 -344.282305 0
293.097088 -333.496765 0
287.252462 -332.578943 0
286.487376 -333.269723 0
262.531657 330.783043 0
282.688117 -344.314927 0
-62.882098 -322.224361 0
289.606041 -335.087097 0
295.196774 -330.859411 0
302.410208 -301.913067 0
-126.091492 -232.656413 0
296.159380 -327.640829 0
286.874512 -331.633022 0
-56.859511 -329.152567 1
-5.691332 -120.425883 1
-276.205344 274.106583 1
278.353345 -27.587641 1
84.110125 -212.089430 1
-383.893487 -70.191377 1
-320.093220 309.464014 1
18.779536 -114.651895 1
167.692472 -375.121310 1
-339.701803 303.174086 1
-251.516034 -197.559850 1
357.367448 194.319096 1
72.431212 -254.460728 1
286.483790 -26.693536 1
296.867409 -182.000480 1
-148.944905 -311.273276 1
-31.603657 -304.078178 1
-36.168330 -136.314242 1
286.766530 -145.407554 1
-35.343095 -135.266528 1
284.268532 -30.829675 1
-57.904070 -333.630957 1
-107.194992 -187.985283 1
-32.398605 -132.297819 1
-260.554670 267.616042 1
81.642452 -210.784161 1
82.861113 -207.417058 1
480.737713 137.445447 1
-140.805743 -428.436224 1
246.294630 -291.052952 1
34.415951 -151.429664 1
430.070529 -233.545211 1
-57.063722 -335.377071 1
252.708984 -283.037322 1
-57.700808 -320.987184 1
-61.573478 -330.523025 1
-54.504450 -339.765767 1
-281.476553 285.178375 1
452.624416 -209.230461 1
85.194945 -207.785335 1
282.381069 -344.482753 1
471.594553 166.128195 1
-2.329870 -119.184222 1
362.694105 198.634444 1
-323.299912 283.654048 1
-240.910216 240.521082 1
172.446444 337.864901 1
-66.750471 -331.628994 1
-59.504466 -329.086263 1
443.284670 -219.953649 1
15.461054 -281.433054 2
235.914654 -382.685714 2
302.932190 342.964768 2
234.224464 -380.833255 2
-82.731902 -441.452889 2
235.197493 -382.096663 2
235.138353 -381.576748 2
-156.909332 -151.715102 2
231.114910 -373.818894 2
335.126192 -69.476412 2
235.299603 -381.864751 2
233.210141 -378.216799 2
25.247792 -196.048632 2
235.461489 -382.112432 2
235.771427 -382.469764 2
234.907836 -381.234787 2
235.728735 -382.701408 2
233.878849 -379.554366 2
-377.365923 -20.564061 2
-233.565401 309.861717 2
0.414168 -438.545140 2
-281.383932 341.058598 2
235.814597 -382.276581 2
-76.657542 -309.001903 2
-120.986505 -352.695100 2
234.386414 -380.310675 2
-237.997896 312.553678 2
-171.932567 -215.074959 2
235.800216 -382.419252 2
-238.185851 312.880026 2
235.582279 -382.239981 2
234.178588 -380.086139 2
234.744174 -380.526062 2
233.011947 -380.087030 2
235.659547 -382.179205 2
234.836288 -380.459511 2
234.741302 -381.225522 2
234.491386 -380.567155 2
-235.951211 311.300486 2
-341.571073 -290.570877 2
-286.117687 346.424452 2
232.333947 -180.600048 2
235.780485 -382.605591 2
234.781960 -381.427699 2
5.937953 -429.857697 2
234.660826 -380.944144 2
236.102328 -382.649273 2
235.277745 -382.848875 2
234.723824 -382.230822 2
234.531423 -380.249661 2
