# Locations of individual according to updates (adjust time interval as desired in the main function, recorded only for a single execution)
# col1: x position, col2: y position, col3: type of individual(0:DCS, 1:GCS, 2:Target)
-198.814070 -349.862263 0
350.965372 301.838686 0
181.234032 298.761894 0
-82.915824 -430.881801 0
-200.806335 -324.397593 0
202.666803 318.053882 0
-249.421004 -161.805322 0
-109.575034 -417.234695 0
186.710311 369.656079 0
-163.946930 51.694506 0
-410.510071 -110.979089 0
184.442085 367.545055 0
44.471621 471.759503 0
196.633583 315.205750 0
-191.638051 -318.820044 0
181.078793 370.070109 0
170.443677 369.289569 0
183.795068 368.211721 0
-79.808484 -435.463625 0
34.332343 473.907494 0
-410.721730 122.675329 0
-183.208371 -331.155313 0
52.873254 350.968151 0
38.532646 475.179242 0
-202.590849 -338.806482 0
-109.449039 -416.009075 0
-407.860259 -121.020305 0
52.673811 466.868569 0
-420.375001 -146.854017 0
-413.287031 -129.414363 0
49.534892 466.758115 0
344.539495 301.915699 0
178.368831 370.799031 0
-61.449755 58.500844 0
-103.324530 -415.592188 0
188.319359 374.789713 0
45.744781 470.757220 0
42.951185 471.169411 0
38.578752 474.251729 0
-152.391478 58.170143 0
42.332319 472.900883 0
38.623485 471.622464 0
-192.085356 -321.146633 0
-416.143040 -133.032023 0
-130.336135 -413.871904 0
-397.533938 -118.424582 0
-82.672057 -438.402742 0
-244.478400 -167.845575 0
251.698574 324.851645 0
204.267998 321.830195 0
28.968144 474.576504 1
-154.355037 43.843554 1
-163.152822 32.981321 1
202.195952 68.989761 1
23.752679 350.546234 1
-167.279062 60.829016 1
-409.016170 96.327287 1
-402.291367 148.576777 1
275.181351 351.953023 1
236.454458 -12.218377 1
-154.479377 34.454968 1
323.011979 282.334778 1
323.187195 284.347339 1
-389.232190 -97.874477 1
-86.877284 -56.943236 1
-246.412500 -322.015867 1
194.802784 367.219576 1
-416.712664 149.481061 1
235.846627 -14.211869 1
125.817519 300.504150 1
-182.175189 110.472823 1
-89.347038 67.775936 1
-180.520481 -331.623481 1
-430.186142 -116.994633 1
32.297503 477.488300 1
-204.879898 -312.535644 1
-404.702182 147.482364 1
-83.544362 -290.971742 1
-263.614993 -114.369104 1
184.679726 57.296873 1
320.256635 286.253147 1
-192.322566 100.453173 1
330.929112 288.037539 1
-463.940684 -130.726389 1
-53.666512 -444.410596 1
179.934392 53.552536 1
-415.611335 100.372970 1
-42.285225 63.589339 1
-403.701991 146.707822 1
-154.674945 45.063491 1
-360.849017 -346.104011 1
23.226246 481.267512 1
30.265835 483.103074 1
-115.686321 -396.777398 1
-184.668378 -317.237068 1
323.459393 281.707957 1
-86.424184 -57.502945 1
-415.553765 149.035212 1
-101.094176 187.506003 1
-401.768103 135.942048 1
227.107834 336.926746 2
-126.732045 102.103474 2
-208.453686 -346.959035 2
-256.843750 -370.333700 2
102.523045 345.622900 2
-126.128039 101.859743 2
-126.367333 102.152212 2
-126.429730 102.184643 2
-51.617868 112.735540 2
219.308999 28.426232 2
-48.105951 113.272265 2
-126.254102 101.966565 2
90.058809 326.862862 2
-66.304897 -382.184763 2
208.960072 409.367148 2
-66.487480 -381.979477 2
-66.729668 -381.586239 2
-360.008596 108.444244 2
94.294736 437.325778 2
102.670975 346.553991 2
-259.648943 -368.937759 2
102.672426 347.111713 2
374.216025 292.263569 2
91.605006 328.845325 2
162.778145 -320.473679 2
-149.771287 175.311988 2
-66.754541 -381.374976 2
-126.639967 101.899777 2
-257.426599 -369.919866 2
-133.951607 -73.583917 2
-367.773395 -158.520101 2
-171.746050 -342.839510 2
282.131408 378.704542 2
227.746859 327.055365 2
227.375169 332.980341 2
-49.452286 113.060899 2
-298.479565 -152.420448 2
-205.992632 -123.545366 2
102.474024 347.124009 2
227.000896 338.761440 2
-67.033664 -381.370860 2
-135.463598 -68.325835 2
-405.170233 -194.433717 2
-208.578487 -121.269993 2
362.531042 -213.943760 2
-360.163734 108.369004 2
-134.202397 -72.987642 2
94.526024 333.222623 2
195.094285 415.415702 2
-134.021745 -73.389083 2
