# Locations of individual according to updates (adjust time interval as desired in the main function, recorded only for a single execution)
# col1: x position, col2: y position, col3: type of individual(0:DCS, 1:GCS, 2:Target)
49.884583 115.950620 0
-323.968600 -13.918185 0
-359.515035 -3.534576 0
-350.663840 28.741607 0
363.904411 -220.277155 0
-91.253739 341.639265 0
189.766715 -205.133726 0
-356.733689 10.015399 0
359.103874 -229.747927 0
-87.265545 342.709186 0
-322.472308 -18.643166 0
-56.486473 -443.041426 0
361.547260 -234.791398 0
358.414805 -246.113325 0
396.793881 266.811417 0
360.075115 -227.348679 0
-354.731951 26.704632 0
-356.475243 12.151136 0
-113.128793 337.272833 0
-371.720158 -246.542461 0
-357.481995 2.642895 0
-354.596976 8.651692 0
353.340835 -258.757502 0
-354.461731 3.664481 0
-357.528099 -0.892592 0
-76.278661 337.276221 0
-359.429276 -0.081370 0
190.058480 -208.913951 0
406.466369 254.476473 0
404.828758 259.473079 0
-359.455505 -12.562016 0
-265.113628 -360.801872 0
356.783384 -248.747491 0
358.921201 -245.637167 0
412.977653 256.964207 0
356.779448 -245.120343 0
-84.362155 339.600458 0
378.601941 -66.130509 0
-385.357248 238.063819 0
407.642652 257.202629 0
360.286071 -243.105942 0
357.747784 -238.119525 0
-119.337270 337.672444 0
-357.435916 12.835378 0
-97.206970 330.114434 0
359.728295 -231.068386 0
-83.283149 344.835043 0
-357.369500 9.057679 0
367.473575 -221.629267 0
-357.658323 -7.105222 0
401.177781 261.262489 0
353.123329 -256.427963 0
342.045102 -284.075449 0
-80.513968 343.821398 0
-396.361896 219.730616 0
-100.103647 342.013155 0
-362.213382 -11.799005 0
-82.640507 342.973028 0
-370.597809 253.176215 0
354.557882 -249.447172 0
361.911490 -234.127725 0
-387.960806 224.848785 0
58.713665 116.651408 0
203.282832 -227.931938 0
399.422004 260.274303 0
-343.228617 -19.059584 0
413.264496 252.204711 0
361.116964 -225.731189 0
356.234308 -241.619908 0
350.108104 -259.704498 0
-356.407409 7.517558 0
351.943511 -253.870758 0
-357.901664 6.420647 0
356.955736 -243.761777 0
-85.895253 338.719710 0
-110.030292 339.467009 0
353.760098 -256.041738 0
-324.559078 -8.977622 0
347.919036 -270.731020 0
349.964751 -259.893819 0
-359.244811 -3.416765 0
-323.216434 -9.098258 0
-355.003719 15.339230 0
-85.419695 346.280429 0
-100.298823 341.900807 0
353.393971 -250.491253 0
-354.758243 17.230716 0
357.502126 -238.582284 0
-354.640088 7.968419 0
-99.319839 331.199243 0
-357.565055 -5.837980 0
-355.400210 8.444340 0
-386.135666 229.057998 0
-359.644353 2.697516 0
-355.922595 -4.234076 0
350.357822 -253.720723 0
-354.181919 1.069578 0
414.287475 255.308217 0
-358.452400 -0.425606 0
356.595634 -42.531679 0
-324.395341 -68.816087 2
413.139051 223.260972 2
-382.773716 170.951129 2
230.544904 -269.818889 2
-392.865260 168.571862 2
-29.519410 355.276220 2
363.624598 159.771740 2
407.811866 183.575487 2
-401.608247 169.591026 2
-374.107604 174.713723 2
-381.668645 -57.844676 2
-396.074822 169.711874 2
-379.044718 -58.754896 2
164.142517 125.789274 2
-348.672370 -68.941878 2
-28.837480 353.571630 2
-373.053568 -60.694741 2
409.269905 185.766214 2
-311.894510 -67.848369 2
-104.193137 38.947439 2
-324.285395 -68.707364 2
402.294333 -22.019959 2
-111.482113 -41.539065 2
-410.497161 171.537070 2
403.999994 185.799235 2
-106.027613 -436.670161 2
-94.692464 -3.625110 2
-394.225246 169.498184 2
-304.837897 -330.557138 2
-399.856282 -205.100845 2
109.379450 111.936607 2
405.747544 192.466197 2
-383.216464 170.752134 2
400.755391 214.416765 2
-402.035772 168.827530 2
403.056818 185.501898 2
-345.113658 -69.161501 2
-33.670625 363.412003 2
-400.160777 169.662652 2
-378.350247 173.128546 2
-370.981659 -61.073043 2
312.265944 -324.109798 2
-104.220150 -31.069121 2
401.019591 217.685347 2
404.101838 188.469170 2
-31.624887 360.354473 2
-324.741345 -68.829394 2
405.054647 189.407674 2
-368.664738 -62.067590 2
-384.256779 171.271785 2
