# Locations of individual according to updates (adjust time interval as desired in the main function, recorded only for a single execution)
# col1: x position, col2: y position, col3: type of individual(0:DCS, 1:GCS, 2:Target)
-129.574574 -245.715158 0
-117.678624 -221.182475 0
-118.551304 -227.695463 0
285.728796 199.365803 0
-156.334215 186.324061 0
-194.276248 77.954355 0
-180.087693 404.546277 0
-190.370665 90.413882 0
-115.395936 -235.781560 0
-190.906665 116.603867 0
-145.297651 -443.783044 0
-117.385323 -228.850017 0
-173.690777 192.362140 0
-113.691091 -445.797364 0
240.829897 376.263916 0
259.992643 177.668844 0
-169.220664 81.040091 0
-202.010644 105.896258 0
-193.403434 83.911590 0
-224.484081 -413.501164 0
-210.067371 74.729046 0
229.363176 382.684090 0
-267.999336 198.898883 0
286.146251 184.306580 0
-226.022531 -410.437565 0
-165.494907 190.469304 0
-186.676882 85.173395 0
-254.997970 216.687730 0
253.063839 146.374196 0
-209.882457 184.397831 0
-120.705668 -257.688250 0
-206.345182 74.899567 0
-181.053929 -423.120700 0
123.938725 129.725070 0
-166.193020 186.760355 0
-169.144140 188.826001 0
-117.538425 -229.106058 0
-165.288300 -403.956740 0
-114.008775 -224.248167 0
-238.565653 -398.421021 0
-129.534764 -230.722359 0
183.100213 148.241143 0
-166.714593 193.568170 0
-207.206879 382.516091 0
287.090274 191.542833 0
458.630270 12.690011 0
-377.080600 231.457673 0
236.572469 376.041148 0
-192.827591 115.722926 0
-199.282462 392.549557 0
-168.151902 415.251102 0
455.101204 25.452554 0
233.560795 375.907060 0
-223.039580 -414.087020 0
-378.875785 231.444408 0
-160.433949 186.262770 0
-168.153854 201.532769 0
111.688104 126.093748 0
203.603045 390.422130 0
-171.868198 412.520471 0
-172.820172 201.728231 0
455.480022 17.456459 0
-201.287703 110.757032 0
145.502977 -414.521938 0
-142.632862 105.578688 0
-187.800305 87.250004 0
199.954576 389.244580 0
458.394706 20.935213 0
-237.407297 -394.772561 0
-193.465303 84.055200 0
-196.131210 113.445175 0
221.250853 382.575119 0
-201.722626 -422.132426 0
101.657928 131.207889 0
213.507381 388.140083 0
-233.235671 -401.994608 0
-152.378784 181.429734 0
195.471699 387.324357 0
-116.354596 -241.384362 0
-368.276165 253.847460 0
235.857097 377.711482 0
457.259944 22.457156 0
-195.799377 393.513488 0
-206.616449 111.765415 0
-172.154432 218.879007 0
-170.752381 198.157864 0
-378.856498 226.382020 0
-176.101850 213.044942 0
-116.212055 -202.065752 0
-155.792654 192.697050 0
219.465995 380.596027 0
-203.314154 115.299268 0
-151.998160 133.881246 0
247.646795 372.091080 0
-171.956323 195.792476 0
-155.817142 183.805646 0
287.915303 181.656352 0
64.733448 150.089491 0
106.948696 -235.415072 0
-179.085023 406.989427 0
438.859961 -34.769950 2
265.849553 -360.115585 2
71.651384 199.523174 2
-166.227403 113.475210 2
-217.096242 -430.723014 2
264.531689 -363.560433 2
-216.932956 -431.052530 2
-120.653330 430.465770 2
118.916977 179.501153 2
195.005720 -405.171866 2
-9.513969 -449.135096 2
254.113783 -361.403686 2
-217.083001 -430.884274 2
-339.355238 295.159224 2
-132.068995 -306.333546 2
435.671659 -32.434056 2
-216.899930 -430.856673 2
258.134067 240.954616 2
-234.581098 262.327951 2
106.015044 180.916607 2
247.227938 -365.008278 2
-258.925203 -215.737730 2
258.947758 -362.315883 2
254.364587 -368.643314 2
215.125953 200.617966 2
-121.386793 432.876425 2
-121.582495 433.218313 2
-138.806148 72.790238 2
260.072032 242.181197 2
421.039770 -21.951546 2
248.378994 -370.413411 2
-104.816617 -304.968005 2
141.649078 175.819196 2
91.711946 -366.058106 2
289.387251 344.500741 2
-118.098895 -307.612634 2
272.464726 -353.269934 2
-25.762388 243.876488 2
-184.513893 267.747902 2
-121.772170 433.285078 2
-128.015879 -370.714903 2
-130.567354 -459.970711 2
289.440861 344.352891 2
289.350413 344.002513 2
115.969024 179.069798 2
254.513990 238.752013 2
-210.444522 219.355650 2
-217.114828 -430.775593 2
258.390739 -368.361528 2
143.032646 -200.966444 2
