# Locations of individual according to updates (adjust time interval as desired in the main function, recorded only for a single execution)
# col1: x position, col2: y position, col3: type of individual(0:DCS, 1:GCS, 2:Target)
-130.561091 -354.876649 0
-124.972019 14.550607 0
-437.390600 -19.986087 0
-115.088967 32.260819 0
-203.867884 257.540753 0
-149.491653 20.049933 0
-429.787949 -25.365476 0
-430.657104 -22.123621 0
-132.213532 16.158532 0
-60.641486 13.846982 0
-421.914048 -31.935526 0
-433.741087 -51.717576 0
-423.425653 -43.886825 0
-437.042765 -40.946692 0
245.672185 -306.058895 0
-428.019289 -62.268714 0
254.958095 -248.484958 0
-421.989943 -49.213329 0
254.170795 -258.933032 0
108.119969 -387.837654 0
-435.467237 -44.691644 0
-429.700061 -51.605626 0
-123.731883 11.136168 0
-427.098635 -40.589685 0
-110.996854 53.167847 0
-429.728076 -24.693231 0
-2.551988 -355.224346 0
-136.018112 54.400924 0
247.325284 -309.643232 0
109.562447 -387.121058 0
110.613519 -384.600923 0
-427.960519 -28.801837 0
-424.818271 -40.121951 0
-436.233447 -44.777696 0
188.433963 -273.837853 0
-430.017070 -53.275613 0
-437.352819 -38.386162 0
97.776312 -394.673530 0
334.387611 -182.873340 0
-420.916854 -46.595898 0
-130.147965 19.427103 0
103.978030 -389.246983 0
-424.707151 -46.702132 0
-431.186980 -32.900066 0
-433.935385 -41.205671 0
-203.101163 258.487488 0
-414.718230 -58.985645 0
-422.498123 -51.128138 0
-131.864272 14.735286 0
-112.020923 28.628892 0
74.667562 -373.156261 0
-121.576407 13.513936 0
-434.430843 -46.754513 0
-426.476912 -60.530136 0
-420.690019 -42.639596 0
-432.552653 -57.384144 0
-30.692039 22.441680 0
103.263166 -380.782174 0
-29.612928 -360.165586 0
-426.264602 -42.916587 0
-427.772417 -52.160915 0
-125.149125 17.637819 0
101.209104 -389.189927 0
-426.145653 -28.398302 0
-433.026077 -26.678856 0
-440.438971 -42.069690 0
110.058813 -384.186546 0
-429.918379 -21.468305 0
344.911471 -187.743907 0
272.544869 -310.476421 1
-118.260213 30.000452 0
-419.601927 -50.483045 0
-427.133245 -39.622403 0
-424.174928 -47.098146 0
-423.899554 -38.149762 0
242.167643 -307.260576 0
102.368653 -393.093662 0
-213.439042 239.304109 0
246.888181 -307.815067 0
-129.467137 21.868895 0
-421.453727 -42.314028 0
106.086276 -389.691476 0
-420.222870 -45.402914 0
-428.913524 -28.748143 0
-428.652233 -28.406699 0
343.327821 -189.656998 0
-429.236699 -32.772685 0
-414.989847 -58.550542 0
-432.529789 -57.605345 0
-214.611068 238.388923 0
-430.651919 -51.543957 0
0.321860 -56.398390 0
-430.709863 -33.602859 0
-136.012728 14.720802 0
-139.879679 58.588306 0
-428.468654 -32.763475 0
101.226205 -377.416052 0
-209.297350 248.067389 0
-427.448421 -29.355104 0
-419.612783 -44.902281 0
265.505228 -284.006385 2
302.747170 -270.621802 2
-90.889592 -19.167854 2
-173.681845 298.736755 2
-69.091906 80.744919 2
265.767258 -283.831516 2
-386.958008 -101.029866 2
-69.177149 54.799658 2
-119.315353 -403.922860 2
36.867256 -405.896397 2
84.114476 -442.281364 2
167.137670 -319.378259 2
271.500915 -281.862347 2
327.671166 -307.028964 2
29.367959 -393.525144 2
162.766583 -316.779677 2
271.004555 -281.998562 2
-229.594211 -208.128025 2
-40.563968 -85.573677 2
-81.964580 36.258953 2
-1.739098 -107.027084 2
3.349404 -106.909935 2
-85.656927 -32.244116 2
29.732747 -391.765018 2
176.718019 -322.761913 2
29.990353 -390.821162 2
-223.666701 -165.347359 2
266.232488 -283.669874 2
302.890328 -270.059206 2
-304.477456 -314.154840 2
29.624335 -391.943732 2
272.842817 -281.382070 2
325.334988 -309.438077 2
13.956802 -104.946631 2
-222.973534 -137.400153 2
269.197410 -282.571729 2
-421.212793 -111.956070 2
324.742910 -303.942901 2
29.973788 -391.068281 2
264.501384 -284.342358 2
268.461970 -282.809313 2
-19.326708 -408.939305 2
31.635446 -174.382813 2
264.325915 -284.263473 2
-16.983916 -408.577123 2
267.862412 -283.060322 2
362.319613 -140.687022 2
270.593589 -282.046535 2
30.066853 -390.665034 2
267.431866 -283.278390 2
