# Locations of individual according to updates (adjust time interval as desired in the main function, recorded only for a single execution)
# col1: x position, col2: y position, col3: type of individual(0:DCS, 1:GCS, 2:Target)
3.235457 -0.640052 0
-2.271657 112.661968 0
6.592393 -36.404184 0
88.864502 -8.938739 0
-101.958718 207.606775 0
78.389237 -173.567723 0
104.715670 45.201683 0
35.701992 -72.863967 0
111.969163 55.261974 0
331.297737 -344.716745 0
475.301202 -115.402369 0
264.981722 -48.608418 0
-368.407524 -173.949102 0
78.620980 -72.545002 0
235.658548 -22.135828 0
148.870356 53.634294 0
327.890821 -145.272074 0
80.274798 55.850225 0
-483.659484 -54.042578 0
-352.111761 -254.954998 0
373.850852 89.224651 0
281.602786 -179.947913 0
75.804153 90.446333 0
146.834583 -209.012495 0
-413.292583 -69.505645 0
-372.481714 -214.330495 0
396.302137 -279.102614 0
172.286925 -1.388895 0
47.739544 -61.383181 0
1.363967 42.449537 0
155.381500 -148.657819 0
-134.567821 -365.849982 0
-9.818695 -5.294976 0
-119.803711 6.404785 0
19.122060 13.552787 0
25.825814 62.308927 0
-68.311405 -79.286344 0
404.657359 83.569894 0
73.632134 -24.615524 0
-99.133336 -15.973924 0
225.422733 -63.579508 0
350.480130 -112.590602 0
-192.717290 457.843737 0
-279.871838 -85.943038 0
203.912869 -158.656480 0
6.592592 53.759732 0
45.303470 45.838830 0
-62.432715 -230.290596 0
-461.567969 -80.639093 0
-111.897782 -22.649286 0
-38.131999 -114.783584 1
-5.121189 25.303386 1
124.660945 -103.143962 1
-315.855511 116.465928 1
-440.042029 110.494647 1
43.358895 17.755585 1
153.857471 158.803280 1
-459.259527 -78.986057 1
-74.083757 98.844758 1
-252.623355 318.740889 1
-23.056840 -12.544050 1
-302.538206 304.885532 1
458.024165 135.384668 1
31.058104 -34.274247 1
-186.742381 53.318297 1
63.122256 -334.862319 1
118.571797 -113.524086 1
-54.123635 191.740127 1
-22.160820 2.883169 1
-278.740098 22.685551 1
-151.706283 -218.076443 1
72.688658 -34.578121 1
110.947318 182.619257 1
-496.771152 -54.001149 1
-62.884739 113.530614 1
-30.161320 441.646783 1
-264.957413 402.445385 1
-60.812814 -64.161990 1
109.689249 181.614334 1
272.605752 -375.950190 1
1.956259 2.115791 1
34.469423 232.630369 1
-392.427121 -87.621400 1
-139.252674 168.682603 1
-305.235261 129.489352 1
286.888765 -154.706413 1
41.394720 5.106299 1
44.951638 -203.321660 1
-119.303928 93.868403 1
-54.774135 133.098804 1
-156.912905 -123.338067 1
316.574725 105.764922 1
-20.888753 24.726346 1
220.880050 -311.768014 1
223.546276 -347.617850 1
121.300452 -76.656651 1
160.191417 100.289510 1
66.767099 -492.287569 1
185.461556 66.417761 1
-116.774696 -223.345125 1
-19.481261 257.427704 2
-156.029074 -363.633771 2
306.600246 369.915596 2
132.279242 -37.610438 2
-118.355708 -0.259318 2
191.376873 -10.013390 2
-367.640276 273.436637 2
463.818399 -40.442847 2
-56.586152 -48.455180 2
339.447104 345.617758 2
-53.083181 11.784381 2
260.050349 -90.035147 2
127.862791 76.071010 2
134.857630 120.026602 2
-168.135511 -382.627943 2
75.687213 6.463493 2
-263.989354 -230.322783 2
91.592124 -16.832860 2
223.489498 48.427315 2
-146.687374 -43.276485 2
69.462698 115.456479 2
65.351740 95.495320 2
-247.174085 306.503805 2
-296.314705 -219.197727 2
145.115925 -210.851219 2
42.713959 -71.947937 2
112.324397 206.346691 2
382.715703 134.810308 2
405.566651 132.007562 2
-62.262910 -181.813282 2
81.075129 -176.490216 2
382.328783 -44.327389 2
-45.688383 54.872667 2
102.355644 143.414327 2
-20.572612 4.196884 2
-326.877642 345.199167 2
-42.276217 227.183909 2
-132.856284 220.482529 2
-360.270221 31.756884 2
56.314859 67.372950 2
-186.099773 201.744727 2
2.629071 -472.888105 2
264.729660 110.481616 2
-125.092459 -63.338759 2
421.798564 -7.737312 2
118.055695 61.712801 2
-124.713665 44.881708 2
75.528671 -194.487165 2
380.163525 -38.407843 2
36.077983 240.283089 2
