# Locations of individual according to updates (adjust time interval as desired in the main function, recorded only for a single execution)
# col1: x position, col2: y position, col3: type of individual(0:DCS, 1:GCS, 2:Target)
-267.726342 -123.412199 1
371.975854 14.402666 0
256.961659 361.114173 1
382.840447 17.126726 1
135.456378 -234.184163 0
137.589399 -233.469718 0
267.949794 362.603309 1
251.986026 362.893401 1
368.178392 61.475827 1
283.315482 405.275723 1
-211.477747 -180.526878 0
128.170912 419.368178 1
359.103260 61.122235 1
251.162699 350.012058 1
335.921767 99.640255 1
73.534476 -487.186313 0
132.526369 -234.794713 0
138.302616 -229.520725 0
245.384358 366.704436 1
264.003451 343.809958 1
381.656211 -1.253417 0
138.302816 -211.793649 0
364.377534 15.306742 0
230.877641 64.340302 1
357.807580 52.991657 1
197.589267 -299.582805 0
358.498071 62.930474 1
299.191999 377.307694 1
136.348409 -237.869903 0
229.655621 67.404495 1
205.100725 -298.224725 0
363.134790 56.046167 1
138.440296 -231.948641 0
-108.516257 -303.326644 0
266.066386 345.696653 1
339.848169 93.566937 1
342.667759 73.212784 1
-270.902565 -125.565551 1
339.382809 115.489446 1
139.061790 -227.477810 0
143.357589 -179.785474 1
238.801970 63.752441 1
321.197288 155.089588 1
126.934241 -243.502604 0
258.824859 358.366234 1
251.096587 355.825540 1
362.213293 60.435723 1
281.028471 409.684390 1
132.852203 -237.091219 0
362.886133 66.179491 1
250.149308 362.110806 1
275.699709 410.840735 1
208.957664 -295.810923 0
229.174896 54.292956 1
-213.391073 -220.406900 1
348.014561 91.755467 1
246.280042 177.993721 1
131.788795 -236.768537 0
128.347141 -238.796400 0
213.978780 344.915230 1
365.751009 54.115878 1
259.106888 341.804155 1
275.170082 411.040819 1
366.325144 59.892753 1
-276.062507 -107.134527 1
370.975657 9.654472 0
379.751854 1.428245 0
340.212544 87.233152 1
194.154246 -303.029434 0
171.311804 379.903948 1
125.475400 -235.513634 0
224.473731 71.916975 1
217.677889 -404.805189 0
123.280053 -255.922375 0
282.434458 409.274783 1
0.961564 -185.499491 1
326.889696 73.392506 1
128.386573 -242.004770 0
223.332942 65.206906 1
136.071800 -235.727008 0
244.593329 367.887340 1
134.824557 -237.764580 0
253.452780 351.624946 1
-194.179236 377.439400 1
216.791690 -291.389389 0
48.462183 -482.469111 0
-269.498888 -119.700495 1
145.140726 -226.261561 0
148.957155 -221.393632 0
437.533282 -155.802412 1
343.740738 72.313482 1
-234.267627 -108.644439 1
257.799474 362.800059 1
-61.461689 48.889683 1
329.240569 93.740403 1
379.129188 11.087757 0
369.144656 15.968772 0
131.822719 -238.854816 0
363.887389 14.024601 0
265.107980 360.223749 1
190.206070 -194.693936 2
-242.700890 380.558367 2
125.022447 -37.473577 2
372.066801 -19.057259 2
51.266762 -183.704024 2
32.468763 -146.690094 2
314.280127 25.028006 2
177.125692 8.272381 2
191.387295 -194.974459 2
16.420264 -137.509525 2
190.373903 -194.804695 2
116.399465 -433.658704 2
263.432093 -273.401026 2
314.029154 25.215477 2
190.578478 -194.685675 2
190.141129 -194.815674 2
190.223707 -194.777900 2
252.494718 -368.534451 2
190.725611 -194.625501 2
285.774751 406.760174 2
171.312014 423.139615 2
189.958908 -194.973602 2
215.629180 401.455509 2
-94.599004 -351.550018 2
313.944593 25.146180 2
314.589733 24.940526 2
-260.604396 -204.081490 2
253.148430 -368.981434 2
-258.429669 -198.811180 2
-40.079015 225.335098 2
41.406575 -156.227769 2
314.156224 24.887988 2
128.697759 -427.726629 2
190.892085 -194.568821 2
313.651076 25.167536 2
-80.126414 2.478066 2
-36.909201 -152.752099 2
-22.597176 -141.449569 2
191.143560 -194.680889 2
265.551154 106.028239 2
-236.211354 -148.900773 2
127.874064 -45.215872 2
314.782866 24.932330 2
250.076421 -392.625099 2
25.522406 -474.771839 2
-261.766251 -205.927901 2
129.221123 -430.447728 2
22.794204 -439.522342 2
19.712477 -441.652081 2
128.124658 -430.220610 2
