# Locations of individual according to updates (adjust time interval as desired in the main function, recorded only for a single execution)
# col1: x position, col2: y position, col3: type of individual(0:DCS, 1:GCS, 2:Target)
-443.296291 -6.155469 0
-390.661109 -217.337596 0
206.912128 -342.370624 0
-142.469134 434.724318 0
-5.475511 4.829937 0
-262.312495 107.395780 0
392.204912 261.706439 0
-382.442773 -227.534619 0
-281.032004 144.547365 1
-14.560700 7.146773 0
-385.512971 -225.008085 0
360.968442 284.762522 0
-4.906959 14.238532 0
-267.033996 109.502545 0
-319.280221 7.668303 0
-5.202926 16.353423 0
-443.500639 -3.863941 0
-139.026934 435.710095 0
372.029140 280.218560 0
376.962141 276.295245 0
-179.910771 -334.753672 0
-444.595052 -9.271591 0
-308.799777 -12.044180 0
-441.437189 4.515739 0
-166.235735 -313.054086 1
-260.127217 103.180302 0
-9.829709 7.416082 0
-444.798368 -15.160077 0
-444.611520 0.616667 0
-271.027762 115.988849 0
-3.392569 17.382635 0
-17.761109 12.033155 0
-140.253357 434.443648 0
-445.254356 -8.379281 0
-256.160928 95.892647 0
-445.325714 -16.144022 0
-444.235317 -7.357482 0
257.783069 177.818278 0
-134.736647 431.614502 0
-263.290728 313.764506 0
-141.133121 435.816844 0
-133.968488 432.778182 0
-121.659413 432.231289 0
-265.128837 113.446293 0
372.648325 279.180745 0
-270.474011 119.040925 0
227.772503 -327.561074 1
-14.317700 9.732240 0
-444.885696 -17.669243 0
-25.770394 13.543481 0
-14.624218 7.930133 0
-174.889566 422.900122 0
367.580739 278.821093 0
-272.043068 117.826279 0
333.108825 321.018567 1
-40.109297 17.545484 0
-295.688569 144.486914 1
-380.409140 -22.230455 0
-258.825722 103.042666 0
329.091968 328.188754 1
-269.199040 121.904379 0
-21.617904 8.907461 0
-3.922460 16.055986 0
353.775617 286.978773 0
-236.971157 401.049495 1
-111.183019 407.660032 0
355.187345 287.116254 0
-270.791469 118.316648 0
-263.267393 110.354805 0
-317.440401 121.915171 1
-144.369332 173.356023 0
-264.571241 108.956831 0
241.092798 196.838823 0
-135.303432 263.057765 0
-42.198964 -386.211479 0
191.527375 -346.453808 0
13.710051 45.874093 1
4.267403 8.812183 0
353.750043 326.038598 1
-24.866825 11.090444 0
314.151905 317.459261 1
-135.551254 433.900011 0
191.029542 -347.744893 0
-173.254811 420.419823 0
-447.142916 -25.380782 0
192.679962 -348.398663 0
363.961188 266.186096 1
382.084777 274.335464 0
371.448157 278.437435 0
358.279503 283.600490 0
258.606507 177.222114 0
-120.778425 456.608498 1
-22.212871 14.705686 0
10.828060 25.752416 0
-365.929740 -97.448406 0
386.086846 272.966033 0
373.342439 277.314586 0
-362.429386 20.588559 0
-128.471810 429.386780 0
-134.747806 435.477733 0
60.422574 19.932198 2
400.966823 273.371441 2
-413.210241 -79.345593 2
-105.227626 303.401037 2
400.646485 273.567246 2
-443.830017 -74.716425 2
212.702172 237.891502 2
-301.651570 278.291869 2
-164.852148 445.590174 2
-443.602879 -75.101214 2
62.327024 33.136446 2
-226.985541 -317.417067 2
400.490806 273.404239 2
-223.991227 -310.321757 2
29.932380 409.660281 2
400.643649 273.598432 2
-225.138071 56.514986 2
-327.706046 56.958322 2
-443.726202 -75.193246 2
-227.462032 278.599525 2
-25.467689 -338.964202 2
53.893640 0.599601 2
-443.210200 -75.092747 2
47.246334 -18.170112 2
-363.948755 -58.068701 2
-90.459008 237.035618 2
59.651224 15.329642 2
50.733498 -9.970930 2
-103.066606 145.150038 2
-118.708183 310.657258 2
17.437670 386.457356 2
-223.133199 -308.906164 2
-212.292948 -293.851256 2
-443.841003 -74.587696 2
-443.463422 -75.203621 2
401.128657 273.102580 2
400.971950 273.529999 2
-3.751828 -443.065028 2
-143.838288 369.932143 2
-8.794132 -448.274039 2
-414.888524 -173.765619 2
401.092828 273.309086 2
-443.181388 -74.711993 2
-443.859786 -74.930937 2
143.364209 -363.688748 2
29.369544 423.972615 2
-221.136965 -306.235722 2
-443.957241 -74.753668 2
-443.261119 -74.724811 2
16.272227 136.403050 2
