# Locations of individual according to updates (adjust time interval as desired in the main function, recorded only for a single execution)
# col1: x position, col2: y position, col3: type of individual(0:DCS, 1:GCS, 2:Target)
27.268597 -54.801674 0
-284.052261 -385.571022 0
-32.186055 -19.763143 0
51.070639 -15.998123 0
-71.949825 -6.164699 0
184.742095 79.043006 0
-94.985425 130.179537 0
-79.765759 -132.023422 0
-37.584448 -75.179194 0
20.504348 -9.648108 0
-40.242242 -0.356445 0
11.309430 -35.552663 0
-24.030955 26.765265 0
8.555067 48.031202 0
174.522800 -74.118081 0
222.356584 71.648621 0
51.746166 -164.493895 0
156.883735 267.670005 0
184.519218 -206.648656 0
-222.214307 167.308861 0
-122.829381 -153.852363 0
120.415450 213.137783 0
-3.749596 1.773511 0
-16.167766 32.956620 0
144.411451 159.666794 0
-42.398271 -60.995055 0
274.764393 58.503658 0
-45.110664 -76.669012 0
-10.329028 -45.449237 0
321.887855 243.793791 0
-449.421422 -192.111253 0
-401.078390 155.557708 0
-186.128165 -112.271671 0
234.524781 -8.184971 0
-398.096693 264.084381 0
66.157193 10.280380 0
383.145534 167.472607 0
-12.748717 -18.830003 0
41.366747 -291.342894 0
-53.544014 -16.070436 0
190.895001 239.221610 0
17.386209 2.636025 0
289.318206 178.463850 0
-371.373472 116.358251 0
410.335148 281.279870 0
43.516729 61.848972 0
292.354095 -315.301589 0
235.130916 -89.982966 0
217.065695 -429.325293 0
-348.994076 55.812579 0
-96.619171 -26.225732 1
-15.817660 229.196170 1
-88.390364 -24.306324 1
-127.308480 24.510148 1
-9.740957 1.675785 1
-3.297685 -6.618302 1
-424.195595 -136.236624 1
82.538671 -48.317101 1
-17.383563 -147.887692 1
-27.293456 -411.350022 1
-29.015659 -21.072119 1
61.596003 175.560336 1
-121.322829 -330.731166 1
-16.609665 44.655370 1
-89.980892 211.949378 1
73.710334 23.963927 1
-86.326626 48.227935 1
234.444805 25.968948 1
368.324261 229.100752 1
-160.649807 150.416417 1
102.939892 6.710141 1
61.342730 -308.731913 1
-66.380397 -263.044055 1
-1.373553 321.058691 1
-100.022962 283.182872 1
51.739565 193.487522 1
-67.033667 -148.102325 1
9.239616 -120.516298 1
125.386232 278.450818 1
-310.146974 348.658576 1
-7.117593 197.399873 1
11.892092 -61.422296 1
365.993248 321.502033 1
51.994060 -60.225209 1
463.417897 48.830051 1
12.260769 69.133375 1
146.129354 159.306053 1
10.779773 -264.643263 1
-45.562072 137.333768 1
-92.054697 95.019434 1
221.700368 -92.328744 1
-120.210992 420.953339 1
-111.372596 42.551050 1
232.923988 126.571016 1
-428.125938 -113.050745 1
92.920897 -280.742614 1
135.162196 -39.607132 1
-261.179447 25.762197 1
-247.987380 -309.361660 1
-127.160287 61.938588 1
12.933898 -148.509325 2
-71.067278 53.080129 2
41.085492 -344.467368 2
234.972051 -160.189960 2
195.444945 57.222202 2
-282.128167 322.215492 2
133.847675 -28.566096 2
201.728450 403.407680 2
-226.199933 -348.427412 2
-19.230791 -173.396461 2
-33.823419 90.523337 2
-115.738963 84.187219 2
10.005698 104.775071 2
47.129807 144.778264 2
-7.632984 6.606922 2
-98.064478 209.634974 2
129.768326 -227.869442 2
201.902454 118.325231 2
90.239178 250.244398 2
67.958517 292.217509 2
-377.284464 -144.833528 2
18.576454 -122.818220 2
-178.301263 -55.776828 2
122.276805 -1.118984 2
-92.293398 75.252750 2
-152.879499 -296.847880 2
193.415395 290.936599 2
303.025003 74.089177 2
-60.359009 -131.907989 2
192.450708 -337.267545 2
103.038057 -218.595220 2
-5.567790 262.208202 2
45.899976 -307.990418 2
-316.089525 -158.443540 2
-396.537861 181.649156 2
-71.624414 115.936845 2
68.148965 -263.789994 2
86.142239 10.481876 2
-203.428383 409.650030 2
465.400021 116.237664 2
-320.030055 -149.595287 2
296.855043 -42.395995 2
39.517246 120.011200 2
229.988060 162.323165 2
-53.874730 -74.537960 2
9.492204 2.694512 2
270.254356 -278.879301 2
-116.757864 100.140476 2
-21.893767 -40.120927 2
-3.793760 -34.240900 2
