# Locations of individual according to updates (adjust time interval as desired in the main function, recorded only for a single execution)
# col1: x position, col2: y position, col3: type of individual(0:DCS, 1:GCS, 2:Target)
382.471452 -39.085917 0
151.205429 401.329666 0
345.710819 -225.571802 0
271.844651 326.079052 0
-444.209342 159.956355 0
155.273838 399.901461 0
-143.176385 -397.236560 0
146.345231 394.252778 0
376.505454 -66.839672 0
-126.070897 -402.734184 0
-112.793513 -407.635237 0
212.082791 -423.848704 0
387.585882 -83.910106 0
-113.439668 -403.084095 0
-231.961723 219.244264 0
-213.829910 182.413034 0
-99.782959 -407.535431 0
149.152737 398.540275 0
342.636363 -210.661610 0
277.443230 -99.123384 0
276.531022 -106.774995 0
-111.082123 -403.151598 0
371.340127 -187.307295 0
-446.422624 161.819471 0
-294.029978 339.046072 0
119.045035 -384.890407 0
371.761655 -62.630008 0
-220.183225 181.243502 0
-446.198870 165.011095 0
-439.497639 157.787814 0
144.013593 393.083051 0
321.581405 -218.600695 0
152.697499 397.585711 0
116.659094 419.505263 0
314.673114 -234.129726 0
154.398634 395.235153 0
-219.638504 181.008108 0
180.302013 -423.809740 0
104.858328 -388.472463 0
298.230440 334.160229 0
-443.333759 160.594818 0
374.103299 -76.678776 0
-439.292906 158.635220 0
-226.635978 189.080452 0
324.159539 -249.650002 0
-145.679176 -398.171783 0
181.598559 -423.085161 0
-209.006198 158.969529 0
-443.999893 160.670208 0
150.229286 403.492377 0
156.657050 396.577070 1
-178.282322 -336.462478 1
-159.683806 136.833082 1
85.853295 -379.722175 1
211.150542 398.811501 1
29.728491 -475.600648 1
-193.536504 306.145356 1
-188.038849 286.826822 1
-230.454564 405.071596 1
413.594864 -135.986608 1
28.123735 -477.057363 1
-176.745129 -337.737947 1
-171.842690 127.168084 1
116.093695 -321.926784 1
217.343252 403.960104 1
-436.874420 -243.188694 1
203.520569 383.444063 1
414.630843 -133.772346 1
224.858867 -414.825938 1
-436.876367 -243.185197 1
95.659743 -396.558308 1
-74.351395 -436.906114 1
283.704977 165.913046 1
-87.199620 -363.203369 1
289.859437 170.346089 1
-175.707205 -337.775522 1
471.167827 -167.334631 1
178.252161 407.454075 1
-202.599976 -341.111491 1
-442.811280 161.896832 1
111.993249 -263.460966 1
15.774569 -486.847452 1
-149.776928 138.586652 1
-283.540068 343.506249 1
112.127979 269.135303 1
-189.809237 -347.633482 1
223.976471 -399.847328 1
208.409289 395.264220 1
-153.430939 -342.636017 1
195.013282 376.352850 1
163.654726 399.825619 1
-275.821633 329.527474 1
-146.425047 114.520098 1
-436.887407 -243.149443 1
-211.569227 -339.851277 1
102.532065 -390.873501 1
373.593786 279.049971 1
-304.719753 -67.031275 1
201.389349 405.929312 1
207.947997 393.036596 1
-216.003236 103.417478 2
448.993970 -16.470527 2
-330.704765 305.122917 2
-422.920468 58.008843 2
-417.925663 112.847733 2
-48.210378 -394.419100 2
-281.180775 209.187913 2
-254.060265 136.785314 2
359.146489 -278.620115 2
-273.844561 172.626418 2
70.140849 438.301464 2
-437.403234 108.543894 2
-420.386324 111.595386 2
-329.846651 304.196051 2
71.895212 396.619759 2
-263.721093 155.331252 2
-330.141228 304.608788 2
-422.233909 110.808298 2
72.215784 396.287195 2
115.492025 352.136007 2
97.447209 372.814651 2
191.670105 -330.224895 2
66.610716 416.108183 2
226.125402 -429.284440 2
395.919760 -224.752642 2
-393.427538 178.681986 2
67.950091 430.902907 2
-61.752546 -234.228390 2
-419.976143 111.843270 2
-235.231337 270.340891 2
261.159389 371.024115 2
260.098597 371.156959 2
-48.370626 -394.499378 2
389.144230 -236.219992 2
92.109862 375.798008 2
261.636663 370.840676 2
-276.588529 183.106288 2
136.117917 -352.507491 2
359.622357 -125.421846 2
261.895472 370.871313 2
318.059908 211.661043 2
-330.026492 304.344400 2
67.988689 406.875007 2
379.633022 -253.220022 2
263.150676 -155.506491 2
431.773014 -8.128695 2
-405.590408 148.361467 2
251.124297 369.514943 2
226.096133 -429.483959 2
123.225513 106.954101 2
