# Locations of individual according to updates (adjust time interval as desired in the main function, recorded only for a single execution)
# col1: x position, col2: y position, col3: type of individual(0:DCS, 1:GCS, 2:Target)
-170.372627 354.363503 0
120.531025 160.815081 0
72.625839 187.145695 0
451.546190 -103.945983 0
380.351302 302.358703 0
441.828927 -122.936135 0
53.541890 188.539230 0
72.971207 180.142574 0
-169.593146 351.604824 0
-134.116227 454.425878 0
59.842965 174.500827 0
81.238784 184.476094 0
77.624195 179.119422 0
64.414640 170.999986 0
380.557873 301.527884 0
81.391702 199.908970 0
-170.240739 355.969161 0
-168.816833 351.173989 0
65.923441 203.902568 0
-173.219964 363.035603 0
75.353927 195.894343 0
-163.832179 350.649705 0
-167.016347 353.532987 0
-151.110401 450.106498 0
-170.987265 352.709536 0
69.808742 184.812295 0
71.880863 162.114755 0
76.855095 199.270418 0
-144.021310 456.848971 0
75.910256 177.890357 0
383.425106 297.410411 0
78.050389 167.237832 0
-132.453228 455.736919 0
-126.305877 454.745712 0
79.639200 195.725065 0
83.305037 164.168141 0
69.178618 181.602255 0
-132.986988 455.890445 0
-170.960982 356.880518 0
64.000839 175.167465 0
444.587666 -107.537701 0
-168.732967 359.359235 0
71.756528 193.774799 0
79.218368 176.737504 0
82.720146 193.980236 0
-121.028918 454.679237 0
83.371475 199.873155 0
70.429927 180.008397 0
71.323241 181.901688 0
377.898323 308.991480 0
381.951508 300.005497 0
446.508276 -114.481756 0
50.771379 164.682883 0
66.744232 180.377321 0
73.182104 186.709329 0
69.420199 182.905953 0
-175.217913 360.667221 0
-178.176977 402.687456 0
421.690297 -143.033733 0
84.452211 211.142862 0
68.681118 186.782295 0
-168.985682 352.078972 0
66.043604 182.074743 0
-126.359440 454.927178 0
73.598284 167.903834 0
-139.002300 447.116744 0
380.471527 300.732067 0
99.496956 155.407270 0
76.336918 197.203994 0
-283.265485 281.116230 1
-115.218050 454.871792 0
171.251029 93.395109 0
64.626161 161.011830 0
80.279090 193.105075 0
107.210006 149.809934 0
-167.235841 353.058571 0
73.230912 189.013291 0
-382.833548 -223.058810 0
67.194792 182.153217 0
69.973350 177.531528 0
163.547648 86.702373 0
378.028418 306.971158 0
71.575042 193.681295 0
-123.155756 452.486452 0
377.283841 308.205039 0
259.400010 68.130041 0
72.905965 198.758832 0
67.043479 186.539583 0
57.839433 191.030835 0
97.850574 173.688137 0
83.891529 182.400411 0
-131.126054 455.294465 0
-124.871539 454.924525 0
67.153697 196.717482 0
-168.929321 351.833880 0
78.710327 179.808673 0
153.812783 -422.457910 0
105.148877 154.033425 0
54.796987 191.538821 0
53.699537 189.806683 0
-177.349915 433.528497 2
376.107024 255.884898 2
53.952180 112.165361 2
-176.052220 438.733035 2
-166.589471 300.663636 2
-160.263115 299.901256 2
-37.044721 112.244906 2
11.749806 132.261233 2
-361.154198 -268.470171 2
-177.621603 433.701836 2
-52.195442 -2.355675 2
373.961582 255.099022 2
378.967440 258.178283 2
164.063904 140.789009 2
-61.697917 84.096649 2
-161.574503 300.128740 2
376.816160 256.279061 2
38.189395 116.213472 2
55.890493 111.812661 2
-159.173375 300.768974 2
-177.448880 433.674910 2
106.600829 99.602715 2
69.481831 111.291212 2
-168.140819 300.595164 2
199.771043 -403.108386 2
302.500980 93.494577 2
369.648302 253.840658 2
-326.482567 -94.293975 2
-173.505666 444.126279 2
-172.647613 445.756519 2
83.861823 105.436206 2
385.138226 266.252443 2
-297.017140 -43.941360 2
-158.088982 300.290787 2
337.116020 109.607979 2
50.016763 113.264872 2
41.517191 114.610915 2
-164.680994 300.440500 2
-164.542124 300.354045 2
-172.190123 446.580668 2
466.226443 -81.636353 2
-61.304145 94.793260 2
381.397162 260.620147 2
361.919953 252.273305 2
185.137538 141.335669 2
442.375665 -54.776341 2
-171.700968 447.447754 2
-328.745498 -94.003569 2
32.069676 118.172895 2
462.735155 -74.956276 2
