# Locations of individual according to updates (adjust time interval as desired in the main function, recorded only for a single execution)
# col1: x position, col2: y position, col3: type of individual(0:DCS, 1:GCS, 2:Target)
-270.861369 23.251820 0
-91.912380 -182.681646 0
-432.470887 -38.844937 0
282.622403 342.330491 0
-264.290643 9.993848 0
-320.173578 235.560398 0
275.817495 342.064874 0
227.764147 185.148190 0
-170.523502 -394.494650 0
212.928780 187.783863 0
-271.706719 21.800224 0
131.255146 -446.352884 0
271.065561 347.627550 0
-444.056215 -51.075673 0
-269.801342 23.449107 0
215.131301 185.430818 0
-187.749006 -308.028290 0
218.791975 185.871406 0
28.701562 21.708962 0
35.916436 20.852754 0
-263.994473 9.783352 0
212.094171 185.041532 0
-171.985602 -420.060789 0
-112.344306 -412.598728 0
217.516169 187.040713 0
26.363917 407.963972 0
-180.073119 -392.705530 0
-264.527944 12.884477 0
35.515670 420.536447 0
-282.862296 26.380991 0
-275.934281 6.397673 0
-286.534234 19.332064 0
-263.282248 10.757646 0
-317.486799 314.219612 0
-326.272977 -312.005238 0
28.765384 18.323699 0
-428.774866 -34.618677 0
149.366024 -437.999732 0
25.141302 405.509093 0
-173.371209 -390.979532 0
-269.923444 19.463919 0
-134.398358 -430.589055 0
18.594474 16.786140 0
-118.734031 -412.196959 0
13.623859 15.154213 0
-269.501748 2.476674 0
-262.193871 12.488766 0
-320.585281 -321.402253 0
-317.422261 313.857769 0
-275.935580 21.494464 0
-265.204244 18.758867 0
222.308511 186.725463 0
41.219918 21.105652 0
206.246662 187.353444 0
-256.890749 14.379045 0
29.436290 -35.404231 0
213.379609 186.817292 0
18.630507 16.085675 0
-264.791395 -0.202066 0
150.240719 -437.071924 0
-172.027321 -307.722395 0
18.667702 392.446535 0
-328.195188 -306.950180 0
236.440811 186.517984 0
203.971267 189.843314 0
-171.866205 -393.513720 0
-273.701093 5.496800 0
143.020441 -442.789026 0
211.863974 187.480180 0
-269.853709 20.613238 0
261.267012 351.358759 0
-291.611802 25.288949 0
-345.745479 -267.122295 0
57.680994 -72.381585 0
-253.599895 13.632347 0
202.602470 186.412565 0
-269.279695 20.671013 0
88.602608 385.740072 0
33.865905 22.946512 0
212.928261 186.870154 0
-435.734087 -49.317550 0
203.394736 186.702395 0
-262.573441 6.580615 0
205.165001 184.892556 0
65.356323 -64.518462 0
-175.171919 -393.256833 0
34.147424 22.377720 0
216.703595 186.523311 0
-429.769221 -51.599878 0
-263.280790 11.472211 0
219.746784 186.233548 0
-284.675507 24.157307 0
-427.408955 -34.593114 0
-265.257346 19.940203 0
206.664934 186.306415 0
216.244782 187.715602 0
238.878949 185.734518 0
-109.267704 -184.872144 0
-274.715988 20.140277 0
-256.619301 22.193789 0
-20.519351 -36.509553 2
-168.901915 -37.423939 2
-304.145260 -272.624039 2
-134.001250 -275.237776 2
27.140069 -112.857944 2
-159.270243 -192.831604 2
-352.985443 278.647168 2
26.965723 459.421508 2
-123.592652 -295.256182 2
42.105843 459.023243 2
-303.507106 -272.312667 2
-139.213166 -269.950082 2
120.263140 424.450069 2
-128.494598 -283.184937 2
26.514487 459.405839 2
333.586208 -188.762469 2
-0.854620 -75.370547 2
322.761707 312.074220 2
-138.389620 -385.600768 2
-205.561625 0.022845 2
-302.036413 -271.588236 2
-135.275390 -273.825203 2
-437.490852 -100.882026 2
-158.664402 -444.660873 2
-122.705403 -300.328227 2
245.558699 19.832218 2
-104.435005 240.293941 2
-158.739010 -444.450931 2
289.216613 181.170003 2
-285.274619 -55.042026 2
-436.470895 -101.139652 2
323.086143 312.646620 2
-435.705498 -101.134410 2
-143.011160 -267.079058 2
187.730298 -404.049776 2
-353.323538 278.505024 2
-432.799989 -101.470882 2
-269.555937 113.253430 2
-146.941356 -264.710816 2
-206.830232 5.100424 2
-363.761913 209.872331 2
-146.933434 -264.508815 2
78.873664 443.928392 2
-158.459018 -444.153185 2
-438.281400 -100.862508 2
-131.421998 -278.558799 2
-137.337008 -271.697161 2
-250.832147 -48.514009 2
-35.987347 7.670283 2
-437.641177 -101.410122 2
