# Locations of individual according to updates (adjust time interval as desired in the main function, recorded only for a single execution)
# col1: x position, col2: y position, col3: type of individual(0:DCS, 1:GCS, 2:Target)
-268.237049 -315.281574 0
57.780037 -204.286609 0
112.600169 115.892083 0
271.616428 67.274483 0
406.305134 36.184757 0
50.279473 -188.326933 0
-186.092643 71.974042 0
111.660574 107.855699 0
335.510377 140.505076 0
102.313123 119.182174 0
184.063686 -23.765362 0
-188.800470 67.167842 0
421.418373 238.387952 0
111.157904 149.694616 0
-186.452547 71.061470 0
196.901343 -28.052721 0
419.680060 242.255175 0
341.768591 148.925901 0
341.505712 148.290011 0
408.344872 28.368707 0
348.248603 -105.269070 0
310.371594 -143.053948 0
216.866415 -29.257812 0
429.543822 -98.616718 0
-259.974780 -311.630108 0
51.439548 -189.493567 0
57.242241 -198.746543 0
198.174913 -29.414955 0
210.133446 -25.880279 0
-184.423730 75.681261 0
-186.877811 71.284245 0
209.954177 -29.504390 0
213.551619 -28.041773 0
150.956680 -140.507051 0
420.488988 236.663649 0
183.102120 -30.850600 0
201.126163 -24.939157 0
-188.701775 70.199531 0
218.604878 -29.792462 0
98.331822 102.215490 0
197.345156 -31.512732 0
422.434757 239.353274 0
-265.604784 -336.899393 0
337.376016 145.594908 0
417.386135 248.195049 0
215.338763 -25.560559 0
338.092499 146.171826 0
56.876140 -193.405179 0
110.052343 114.203793 0
113.807154 111.832785 0
144.577304 -201.270326 1
109.389874 -227.880343 1
42.579695 -145.303310 1
393.293883 40.268365 1
335.844395 241.782871 1
57.071990 -147.085863 1
104.712804 -228.131420 1
397.830735 23.846618 1
254.023482 98.326351 1
-23.567093 -338.510998 1
-14.383509 -44.638724 1
166.179347 -151.848414 1
100.931955 -229.346122 1
41.762992 -188.927906 1
240.966881 99.036726 1
456.396087 204.212173 1
254.709547 90.467578 1
106.299298 -227.802980 1
87.209258 -237.298775 1
71.996624 -242.561179 1
366.541372 250.098046 1
152.389557 -179.668181 1
87.078415 -238.190397 1
54.658588 -183.740745 1
334.970262 142.717754 1
420.598540 73.990354 1
460.805126 193.526932 1
457.163982 202.163292 1
406.899891 3.575411 1
49.570042 -189.007873 1
214.775970 -33.636743 1
426.432644 227.363484 1
255.750428 94.334628 1
381.130103 221.010253 1
-209.294129 64.443012 1
44.990017 -177.442218 1
-43.418801 -336.651190 1
248.991389 95.706836 1
243.567993 102.224289 1
113.275969 138.774344 1
407.634752 244.605128 1
112.379850 -158.521420 1
347.146415 132.493392 1
16.175540 -193.620351 1
27.482347 -204.409244 1
99.963666 -230.736320 1
47.636385 -188.417318 1
-12.720015 -325.343714 1
260.687067 86.937633 1
340.640417 254.866092 1
-24.657726 -448.915311 2
340.482012 135.260391 2
301.185452 26.987215 2
256.042372 -26.035012 2
389.780665 266.193742 2
399.084304 264.208228 2
60.555478 -187.460433 2
447.016064 -51.105380 2
151.206276 -89.387641 2
187.607370 -100.656034 2
195.472060 -111.200392 2
249.108753 11.341073 2
248.000813 12.121028 2
-93.300361 -331.872369 2
446.675860 -51.547518 2
391.020044 265.891272 2
86.455604 -178.069912 2
452.334014 41.299134 2
335.829139 137.645712 2
231.823486 383.087648 2
267.803715 -169.374410 2
267.318465 -117.638955 2
373.893999 235.728276 2
240.687725 17.548172 2
86.412247 -177.954985 2
86.863742 -178.836886 2
265.263303 -121.431333 2
359.655840 -56.416151 2
326.486181 -60.224608 2
392.342156 265.772535 2
223.893401 376.846976 2
452.436585 -9.392950 2
-226.322384 -369.032404 2
340.073352 134.637109 2
-213.945684 -330.984312 2
397.922649 264.526612 2
-216.253650 -347.788630 2
49.570662 412.786366 2
390.532932 265.987128 2
392.015603 265.716020 2
398.735276 264.184705 2
-222.808236 -363.819731 2
256.664694 2.517586 2
326.518331 194.615349 2
-153.745419 115.216594 2
340.184438 134.918472 2
86.368693 -177.943953 2
392.967115 265.596210 2
273.299134 -109.574576 2
84.460338 192.492447 2
