# Set that caught the target
# col1: Simulation number, col2: Update time, col3: Set type, col4: Chaser strategy for catching the target, col5 to col54: Set types chasing each target
0 505 205 0 103 102 1 102 304 1 1 0 102 1 2 0 0 1 304 104 101 103 102 0 103 1 102 0 5 1 203 101 102 101 0 3 102 0 404 101 2 205 1 204 0 101 102 202 305 405 101 0 102 607 
0 1887 3 1 104 1 1 203 203 1 101 0 102 1 204 0 103 0 203 104 0 1 101 1 1 0 1 203 0 1 203 203 102 101 101 3 103 101 303 5 1 101 1 102 1 101 0 203 406 204 0 0 406 709 
0 4679 406 0 1 0 0 202 0 105 405 0 103 104 2 3 101 0 102 0 0 1 1 104 1 0 0 203 0 0 203 101 509 102 0 1 103 0 303 202 1 101 1 204 509 101 0 101 0 101 0 3 406 610 
0 8082 2 1 103 1 0 0 1 0 809 103 205 2 1 103 303 0 103 105 0 101 105 0 1 0 0 203 0 0 101 101 101 0 0 1 1 0 0 202 2 102 0 204 3 101 0 0 506 508 303 4 2 609 
0 8114 4 1 103 1 0 202 0 0 809 103 205 2 1 103 0 0 103 105 0 0 105 0 1 1 0 203 0 101 101 101 101 101 0 1 1 0 303 202 4 102 0 204 3 101 0 0 405 508 0 4 0 710 
0 12228 2 1 104 0 1 0 0 4 101 101 205 0 209 1 1 0 0 404 0 811 0 0 0 0 204 203 2 0 304 101 101 0 0 103 0 0 0 0 102 101 0 2 6 101 104 1 508 406 101 1 505 202 
0 16947 306 0 0 0 203 209 0 303 303 0 205 1 0 0 2 101 0 3 0 0 202 0 0 0 405 202 1 0 102 0 101 0 0 207 0 0 0 101 103 4 0 610 1 0 308 306 610 405 0 0 102 0 
0 17705 3 1 0 0 203 206 0 101 303 306 101 0 0 0 2 0 0 204 0 608 104 0 0 0 405 202 105 1 102 0 101 0 0 207 0 0 0 303 103 0 2 2 3 0 308 1 610 405 0 0 102 0 
0 17857 3 1 1 0 203 206 0 101 303 306 101 0 0 0 2 0 0 207 0 608 104 0 1 0 405 203 105 0 102 0 101 0 0 0 0 0 303 0 103 206 3 1 0 0 308 1 609 405 0 0 102 0 
0 39592 103 0 0 0 0 0 1 0 0 1 0 6 0 2 101 0 2 404 102 102 0 0 0 712 207 102 102 0 405 0 3 305 2 0 0 0 0 508 0 0 204 1 714 202 101 0 0 0 708 0 0 103 
0 65402 508 0 0 0 0 1 5 0 0 204 1 3 0 1 1 102 102 2 508 0 0 812 0 0 0 3 1 0 203 1 0 0 508 0 0 203 2 209 0 1 0 0 1111 809 0 0 0 202 0 1 0 104 
0 83665 918 1 0 0 0 7 205 713 103 303 1 0 1620 0 0 0 918 404 5 0 0 101 0 0 0 0 0 1 203 1 0 101 5 0 0 0 101 0 101 0 0 0 3 102 0 0 101 0 0 0 0 1 
0 87054 5 1 0 0 0 7 1019 0 0 101 1 5 0 0 0 0 0 2 814 303 0 0 0 101 0 0 608 1 101 103 0 0 3 0 0 0 101 0 101 0 0 0 4 203 1519 0 0 0 0 0 0 3 
0 90783 10 1 0 0 0 0 102 1 0 0 10 3 101 101 0 0 0 610 808 0 0 0 0 102 712 0 0 2 101 103 0 0 2 0 0 0 101 205 108 1011 0 0 4 203 404 0 101 0 0 202 0 3 
0 95090 310 1 0 0 0 7 0 11 0 102 4 0 101 0 0 0 102 610 307 0 0 0 0 103 707 0 0 2 607 0 1 0 1 0 0 0 101 310 101 505 0 1111 0 0 101 0 0 0 0 0 0 206 
0 99407 12 1 1 0 0 0 0 12 0 406 4 106 0 0 0 0 2 815 307 102 1 0 1 101 303 1 0 1 606 0 0 101 1 0 404 0 0 204 0 1313 0 101 0 104 103 0 0 0 0 0 0 0 
0 100088 406 1 2 0 0 0 3 404 0 406 16 1 0 1 0 0 0 912 307 204 0 0 0 101 303 0 0 0 206 0 0 0 0 0 407 0 0 103 0 1313 0 101 1 3 103 0 0 0 0 101 1 101 
0 103173 204 0 0 0 0 0 812 303 101 0 16 102 0 0 714 1 0 204 0 204 2 101 0 0 101 0 0 0 105 0 0 203 0 0 0 0 407 0 0 909 0 0 1 1 204 0 0 0 0 606 1 2 
0 103247 914 0 0 0 0 0 914 303 101 0 16 204 0 0 714 1 0 0 0 204 2 101 0 0 101 0 0 1 105 0 0 203 0 0 0 0 407 0 0 909 0 0 1 1 203 0 0 0 0 607 0 2 
0 110198 1 1 0 101 5 103 0 0 203 0 11 1115 0 707 101 101 1 3 1 1 0 0 101 2 2 101 104 0 303 0 0 0 103 0 101 0 505 710 1 0 0 0 304 0 0 1 101 0 0 0 207 1 
0 110256 203 0 0 0 4 103 0 0 202 0 11 1115 0 808 0 0 1 3 1 1 0 0 101 2 2 101 105 0 303 0 0 203 103 0 0 0 404 710 1 0 0 0 304 0 0 0 0 1 202 101 207 1 
0 110268 202 0 0 0 4 103 0 0 101 0 11 1115 0 808 0 0 1 3 1 1 0 0 101 2 2 101 206 0 303 0 0 0 103 1 405 1 202 710 0 0 0 0 304 0 0 0 0 0 202 101 207 1 
0 110929 710 0 0 0 4 2 1 303 203 0 1116 6 0 0 808 0 0 3 2 1 0 102 303 1 1 101 2 0 303 0 0 0 102 1 709 0 0 710 1 1 0 0 1 0 0 0 0 0 4 101 207 1 
0 113925 103 1 1 0 1 0 508 202 205 407 202 405 608 0 909 0 205 3 0 204 0 0 202 1 103 101 0 0 304 0 1 0 0 3 0 0 0 8 0 0 0 0 102 0 0 307 0 3 105 0 0 0 
0 120673 3 1 305 0 2 101 509 0 102 103 0 4 0 101 606 0 1 0 0 303 0 102 405 1 1 2 103 101 101 0 1 0 0 404 1 0 0 212 0 303 0 1 0 2 0 303 0 3 104 0 813 0 
0 128963 102 0 101 0 0 101 309 0 205 0 0 210 0 202 506 0 0 101 101 0 0 0 0 0 0 0 0 612 509 102 0 0 0 506 102 2 0 103 0 103 0 2 202 103 0 2 0 2 101 204 1 608 
0 149830 103 0 101 0 1 0 0 2 1 0 414 0 0 103 202 0 0 0 0 0 0 0 1 103 205 102 0 0 106 1 0 0 1 0 0 0 1822 0 0 101 0 509 1 101 102 405 203 1 0 103 0 409 
0 203446 6 1 202 0 106 0 0 0 0 1 0 107 0 0 517 0 0 0 0 0 1 3 0 0 0 4 6 0 0 304 0 0 0 0 0 0 0 0 0 0 1 0 3 207 0 3638 0 0 0 0 0 0 
0 210277 101 0 5 505 106 0 0 0 1414 1 0 107 0 0 0 0 101 0 0 1616 1 0 101 0 0 3 0 0 0 304 0 0 3 6 0 106 1 0 106 202 0 0 7 203 0 101 101 0 0 0 0 0 
0 218670 3 1 710 505 105 101 207 0 0 1 0 0 707 0 0 0 101 0 0 0 3 0 507 3 0 3 101 0 0 101 0 109 0 9 0 1 1 205 0 404 0 1 0 101 0 3 101 0 101 0 404 505 
0 222636 4 1 508 0 208 1 209 0 0 8 0 204 3 0 101 0 202 0 0 0 707 0 204 0 103 1 0 202 0 101 102 0 0 2 0 1 0 104 0 303 0 0 3 101 101 4 303 0 303 101 405 505 
0 232170 608 0 407 0 0 204 308 1 0 1 308 0 1 1 0 0 606 0 101 103 709 0 1 0 0 13 0 203 0 0 608 202 1 1 101 0 0 0 0 0 0 107 101 103 0 0 909 0 0 0 0 0 
0 246366 404 0 101 506 102 0 1 0 3 13 203 1 101 0 202 809 202 0 0 203 3 0 0 0 0 3 0 101 0 202 2 606 0 609 0 2 0 104 0 0 305 404 0 103 0 0 5 102 0 0 101 1 
0 246754 104 1 0 303 102 0 1 0 105 13 203 0 1 0 202 809 202 0 0 304 0 0 101 0 0 103 203 101 0 202 2 1010 0 608 0 2 0 104 0 0 203 0 0 3 0 0 5 103 0 3 101 1 
0 249947 104 0 101 202 0 0 0 0 207 104 103 0 101 1 0 0 202 0 101 304 0 0 1 0 0 7 809 0 0 505 2 303 3 2 101 814 0 101 101 0 0 0 0 6 0 0 714 0 0 0 101 104 
0 250319 108 0 101 0 0 0 0 0 308 1 204 0 101 0 0 0 202 0 0 304 0 1 102 0 0 108 710 0 0 707 2 303 3 0 101 814 0 101 0 0 0 0 0 9 0 101 714 0 0 0 0 103 
0 250573 714 0 101 0 0 0 0 0 308 2 205 101 101 0 0 0 202 202 0 304 0 0 1 0 0 0 304 707 0 0 2 101 3 405 101 814 0 101 0 0 0 0 0 117 0 0 714 0 1 0 101 102 
0 251427 831 1 0 0 101 0 101 0 207 2 407 202 101 1 0 0 202 303 0 203 1 0 1 0 0 0 506 202 0 505 2 0 2 1 1 814 0 101 0 0 0 0 0 831 101 101 0 0 0 0 0 101 
0 265434 8 1 0 0 102 0 102 404 1 8 103 0 0 0 101 1 204 0 0 0 0 1 0 0 103 2 202 0 0 203 101 101 0 202 101 0 0 2 0 0 812 0 0 212 0 305 2 1 101 208 1212 203 
0 269652 707 0 0 0 203 0 101 305 0 1115 101 0 0 0 0 0 0 0 0 0 106 0 2 0 103 102 204 203 0 305 8 0 0 304 0 1 0 1 0 0 103 707 303 111 0 305 0 0 102 101 102 102 
0 283516 105 1 202 0 405 2 6 101 0 606 0 1 0 102 1 0 0 0 610 0 203 0 2 0 406 0 0 506 0 0 101 210 0 102 0 105 101 104 2 613 505 1 0 0 1 101 1 0 0 0 0 0 
0 284120 2 1 0 0 507 1 5 101 0 4 211 0 101 304 101 0 0 0 1212 0 101 0 2 103 305 0 0 303 0 101 0 0 0 612 0 707 0 106 3 1 0 3 1 0 3 0 0 0 101 0 0 101 
0 285652 2 1 0 0 507 2 7 101 0 307 0 102 0 0 0 0 0 202 909 1 0 0 0 103 101 210 0 101 204 204 0 0 101 614 0 707 0 106 1 2 101 0 1 101 2 101 0 0 0 101 0 101 
0 297098 4 1 710 202 507 0 1 101 6 0 0 2 0 0 0 205 0 0 1011 10 0 0 0 204 0 0 4 0 5 1 0 0 0 1617 0 0 101 207 0 0 0 1 102 0 1 0 0 0 0 102 0 0 
0 299749 7 1 0 0 609 0 0 0 7 0 0 0 0 0 0 0 0 0 2831 6 0 0 103 413 4 0 0 0 0 1 0 0 1 0 0 508 0 0 107 0 0 0 0 0 1 303 0 0 202 0 4 0 
0 317418 9 1 101 0 102 1 0 0 101 103 0 0 0 101 0 0 0 101 104 0 206 0 0 0 1114 0 0 1 2 0 106 103 308 203 0 3 0 1823 1 0 0 0 1 0 101 1 0 0 0 0 9 404 
0 321204 103 1 1 0 202 102 4 0 101 1 101 0 0 0 0 0 101 0 102 1 2 205 2 2 203 0 0 1416 103 0 7 101 207 1 0 3 202 1117 1 0 0 0 0 102 1 101 0 101 2 101 0 404 
0 322007 107 0 1 2 101 203 4 0 101 0 0 0 0 0 0 0 0 0 102 0 202 107 2 1 203 101 0 1416 0 101 0 303 207 1 0 3 0 1319 1 0 0 1 0 102 104 0 0 0 8 0 0 404 
0 322090 208 0 1 1 0 102 4 0 101 208 0 0 0 0 0 0 101 0 102 0 202 0 204 103 203 101 0 1416 0 0 0 101 207 1 0 3 0 1218 1 0 0 0 0 102 104 0 0 0 9 101 0 404 
0 324540 407 1 101 3 105 405 0 0 0 105 0 0 0 1 0 0 101 0 103 10 0 0 1 809 203 0 0 0 1 0 0 404 0 2 0 3 0 1 2 202 0 0 101 2 407 0 0 0 1 106 1416 505 
0 367931 5 1 5 101 0 0 0 0 410 0 1 1 0 0 105 0 0 0 0 206 204 0 1111 0 0 0 0 0 303 4 0 5 912 5 101 0 102 0 0 606 0 0 104 202 203 101 101 2 101 3 101 0 
0 375491 1 1 1 0 1 0 0 307 1 103 0 101 3 0 0 0 101 101 102 1 207 0 1111 304 0 203 5 0 0 0 2 0 506 1 1 0 1 507 915 0 203 105 0 0 0 105 0 0 101 0 1 0 
0 375497 1 1 1 0 1 1 0 305 1 103 0 0 3 0 0 0 101 101 102 101 207 0 1111 304 0 203 5 101 0 0 2 0 506 1 1 0 3 507 915 0 101 105 0 0 0 105 0 0 102 0 1 0 
0 375508 103 1 1 0 1 1 0 1 1 103 0 103 3 0 0 0 101 101 102 0 4 0 1111 304 0 203 5 0 0 0 2 0 506 204 0 0 306 507 915 0 202 105 0 0 0 105 0 1 101 0 1 0 
0 375672 203 1 1 0 0 1 101 307 0 103 0 0 3 1 0 0 0 202 102 1 1 0 1111 304 0 203 5 0 0 0 2 0 405 207 0 0 0 507 915 0 101 105 0 203 0 105 1 0 0 1 1 101 
0 375677 204 1 1 0 0 1 0 307 0 103 0 0 3 1 0 1 0 202 102 0 1 0 1111 304 0 203 5 0 0 0 2 0 405 207 0 0 0 507 915 0 0 105 0 202 0 105 1 0 0 204 1 101 
0 375679 204 1 1 0 0 1 0 307 0 103 0 0 3 1 0 1 0 202 102 0 1 0 1111 304 0 203 5 0 0 0 2 101 405 207 0 0 0 507 1 0 0 105 0 202 0 105 1 204 0 914 1 0 
0 375832 307 1 0 0 0 1 0 307 0 103 1 1 0 3 1 205 0 203 101 0 208 0 1111 305 0 203 4 101 0 2 0 101 405 1 0 1 0 507 1 0 0 104 0 101 0 104 0 0 0 914 1 0 
0 393205 1115 0 3 309 0 0 0 101 0 101 0 0 0 1 0 0 0 0 0 0 0 0 1 105 104 2 0 0 0 911 105 1115 0 0 0 0 1625 0 1 0 1 0 1 0 0 0 0 102 102 101 0 309 
0 393615 812 0 103 0 0 812 0 0 1 1 0 0 0 0 0 304 0 309 0 0 0 1 0 1 104 2 0 0 101 911 0 309 0 0 0 0 1726 0 1 0 0 0 1 1 0 0 102 102 0 0 0 208 
0 403442 1 1 0 0 1 0 0 0 102 3 101 1 1015 0 0 811 0 1116 103 0 712 0 0 0 0 1 1 102 0 101 0 0 101 0 1 5 1 208 103 0 1 0 405 0 0 101 0 0 2 0 2 0 
0 403511 1 1 0 0 0 0 1 1 0 3 101 0 1015 1 102 811 0 0 103 0 709 0 0 0 0 1 1 0 0 101 102 0 101 1116 1 4 1 208 103 0 3 0 405 0 0 101 0 0 2 0 2 1 
0 409374 1017 1 0 507 0 5 102 0 3 101 0 0 101 3 0 2 506 303 0 0 710 304 808 0 0 1 0 0 0 0 0 0 101 206 0 0 101 0 2 3 107 1 0 0 2 1 0 101 2 0 1017 0 
0 410687 710 0 0 305 303 5 101 0 102 0 0 0 102 208 0 102 1 505 1016 0 710 0 0 0 0 2 0 0 0 0 0 0 101 206 0 1 101 205 0 1 107 0 0 0 0 809 0 103 2 0 2 0 
0 418959 102 1 405 405 0 0 1 0 0 606 0 0 102 0 0 102 2 506 105 0 107 303 107 0 710 102 1 0 0 0 0 0 0 104 1 0 0 0 2 1 710 0 0 0 306 2 101 0 3 203 0 103 
0 419182 710 1 0 0 0 0 2 2 0 606 101 0 105 0 0 0 0 101 105 0 107 202 107 0 710 204 0 0 0 405 101 0 0 101 102 0 606 1 3 1 710 0 0 0 306 2 0 102 3 202 0 103 
0 424579 105 1 0 202 0 2 0 1 206 0 2 0 102 0 407 1111 105 303 105 405 203 0 0 0 2 204 101 0 0 101 0 0 303 205 1 2 0 2 103 1 506 0 0 0 307 1 0 1 3 1 0 102 
0 432708 102 0 2 102 0 0 0 1 0 0 3 0 0 205 206 1113 1 506 3 709 0 102 0 0 2 0 104 101 0 1 1 102 1 0 1 305 404 610 0 102 0 0 0 0 102 108 101 0 1 101 0 0 
0 435889 3 1 101 102 0 0 0 0 101 2 3 101 0 0 204 710 0 512 204 204 0 102 0 0 205 0 0 0 0 101 611 1 1 1 1 102 0 0 202 107 404 101 0 0 102 103 0 506 3 101 102 0 
0 465030 2 1 1 101 103 1 0 0 0 101 210 106 0 2 1 203 1 303 0 406 0 0 0 0 1 303 0 0 0 0 810 0 0 0 4 0 1 1 0 105 1 707 1 811 108 304 0 101 202 101 0 0 
0 474819 206 1 0 101 4 202 0 0 0 101 206 3 0 0 1 0 0 202 0 2 101 620 0 0 203 0 0 3 0 0 0 101 0 0 4 0 707 303 0 101 405 0 0 204 512 0 2 606 0 406 0 0 
0 481357 308 1 202 101 106 0 0 0 0 1 4 7 608 0 0 308 0 1 0 105 606 1 0 0 1 0 0 101 0 0 0 0 0 202 101 0 0 0 0 101 910 0 101 203 714 0 1 1 0 408 203 3 
0 493208 306 0 1825 103 3 0 0 0 1 0 204 306 404 0 103 0 0 105 3 1 606 103 0 101 0 0 0 0 0 3 203 0 0 0 0 1 0 0 0 204 0 0 1 102 205 0 0 102 1 208 0 202 
0 497271 8 1 913 0 0 0 2 0 0 3 204 1 3 0 204 303 0 4 5 0 0 0 0 0 0 1 0 0 202 307 0 1414 0 8 0 0 0 0 0 0 0 0 102 102 507 0 1 710 0 104 0 0 
0 501607 1214 0 101 0 9 101 2 101 0 0 204 1 0 0 104 1214 2 0 5 1 0 0 404 0 0 0 303 0 0 3 0 0 6 1 0 0 0 0 0 3 707 0 102 204 812 0 0 710 0 0 0 0 
0 523151 107 1 0 4 0 0 1111 0 0 1 206 6 0 0 0 107 4 1 1 0 0 0 0 0 102 101 1617 1 0 505 0 0 0 0 3 0 404 0 0 9 0 0 102 103 0 306 0 0 202 204 0 0 
0 523930 205 0 1111 5 0 0 0 0 0 1 205 8 0 0 0 0 3 1 0 0 0 0 0 0 0 0 0 0 0 101 101 0 0 1 104 0 0 1 0 116 0 0 102 204 0 307 0 2020 505 204 0 0 
0 525149 109 1 0 4 0 0 0 0 0 3 2 109 101 0 0 1 106 1 0 0 0 1111 0 0 0 0 1113 0 206 606 0 0 0 1 101 0 0 1 0 116 0 0 102 204 0 0 0 1111 0 0 101 0 
0 531321 109 0 109 0 0 104 1112 0 0 202 0 0 202 1 1 0 2 101 0 101 0 101 0 0 0 410 0 101 0 0 0 3 0 212 2 0 707 0 0 108 0 0 104 0 2 0 0 1313 0 0 101 1 
0 550516 7 1 0 1 0 0 0 0 1 0 0 0 404 0 1 1 4 0 0 0 7 2930 102 1 0 0 0 0 0 101 101 1 0 3 102 0 10 0 0 609 0 2 8 0 4 303 0 101 0 303 0 0 
0 560583 1723 0 0 1 0 102 0 101 0 606 0 6 0 0 0 1 0 0 104 2 2 304 0 0 0 0 1723 3 0 0 0 1 4 1 101 0 1717 106 0 0 103 7 0 0 0 0 0 4 0 0 101 0 
0 562797 3 1 0 1 0 104 0 0 0 0 0 0 101 0 0 0 0 0 1827 0 3 304 0 0 0 0 1 0 1 0 0 0 3 1 101 0 0 107 0 1622 103 1 0 609 8 0 0 1 101 101 0 0 
0 567650 102 1 0 1 0 409 405 0 0 0 0 0 0 0 411 1923 104 0 0 11 0 304 0 101 0 0 1 0 1 1 1 3 0 404 101 0 0 4 0 102 103 0 507 0 1 0 0 0 0 202 0 0 
0 567691 708 0 101 1 0 409 203 0 0 0 0 708 0 0 1 1923 2 0 1 11 0 304 0 0 0 0 102 0 0 1 1 3 1 404 101 0 1 3 0 0 103 0 204 0 0 0 0 0 411 101 0 0 
0 569571 202 0 0 0 1 410 0 101 0 101 0 103 0 101 101 0 0 0 212 11 1 304 0 102 0 0 102 0 0 1 0 3 1 404 0 0 101 202 0 0 0 0 609 809 0 0 0 0 0 101 912 307 
0 569582 1114 0 0 0 0 410 0 0 506 101 0 103 0 0 1114 0 0 0 213 11 0 304 0 102 0 0 102 0 0 1 1 3 0 404 101 0 202 0 0 0 0 0 609 202 1 202 0 0 0 101 0 307 
0 569589 1114 0 102 0 1 410 0 0 0 101 0 103 0 0 102 0 0 0 213 11 1 304 0 1 0 0 0 0 0 0 0 3 0 404 101 0 0 0 0 0 0 0 609 707 1 202 0 0 0 101 1114 509 
0 569613 1316 0 0 1 405 410 0 101 101 0 0 103 0 0 102 0 0 0 213 11 1 304 0 102 0 0 0 101 0 0 0 3 0 404 0 0 202 0 0 0 0 1 609 202 0 1316 0 0 0 101 0 307 
0 569841 101 0 0 102 1 410 0 0 0 0 0 103 0 202 102 0 0 202 9 11 1 304 1 0 1 0 0 101 202 1 0 3 0 404 101 0 101 0 303 0 0 0 609 0 0 0 0 0 1519 101 0 206 
0 576969 12 1 304 1 0 303 0 1 0 101 0 0 2 101 101 101 1 0 808 0 0 304 0 0 0 205 0 4 0 0 0 104 1 303 717 0 707 0 303 12 0 0 103 0 0 0 0 6 305 202 0 0 
0 577431 405 1 405 1 0 303 101 718 0 0 0 2 2 0 0 101 102 0 0 6 0 303 0 0 0 512 0 0 0 0 0 102 1 304 0 0 606 6 303 0 0 0 103 909 0 0 0 6 2 202 0 0 
0 580827 612 1 0 103 1 0 0 611 0 0 0 0 304 2 0 2 0 606 101 5 0 101 708 0 0 512 203 203 0 0 0 0 0 304 107 0 0 7 0 0 0 1 102 0 202 0 0 612 101 202 0 0 
0 585695 7 1 304 104 0 708 0 205 1 0 0 0 103 0 0 0 202 304 102 7 102 101 0 1 101 512 813 0 1 0 0 0 0 1 513 0 202 2 0 0 0 0 101 3 101 1 0 0 0 505 0 0 
0 587876 102 0 102 104 0 405 0 205 0 102 406 203 102 0 1 2 101 0 101 303 101 101 1 1 101 512 101 0 205 0 0 0 0 101 513 0 202 0 1 0 0 8 0 102 101 0 305 0 0 506 1 0 
0 598968 303 0 4 0 0 4 0 3 101 101 303 0 0 303 0 104 0 404 0 101 0 819 101 2 0 303 102 0 0 0 0 2 0 0 716 101 0 0 0 207 507 101 3 0 0 101 202 0 1 101 0 303 
0 602152 106 0 4 101 0 3 202 1 0 0 101 202 101 202 0 101 0 303 1 1 303 306 0 2 0 102 101 0 0 8 101 106 0 1 711 304 101 106 202 407 507 1 3 0 101 101 101 0 0 102 0 0 
0 603699 3 1 104 0 0 102 0 204 104 102 0 0 101 104 0 0 0 0 102 0 202 306 0 0 202 0 0 0 1 8 0 1 2 0 509 0 101 0 606 0 912 0 3 0 0 305 508 101 202 208 0 0 
0 605221 101 0 1 101 0 0 2 107 0 203 0 0 1 105 0 0 101 0 206 0 0 304 101 0 101 0 0 303 0 8 101 0 0 207 608 101 2 0 505 505 101 0 102 1 303 203 306 0 0 6 405 0 
0 605413 203 0 0 101 0 0 0 105 0 203 609 101 1 4 3 0 0 0 206 0 0 306 101 0 404 2 707 101 0 8 0 101 0 8 608 0 0 0 505 0 202 205 101 1 101 204 0 0 0 0 102 0 
0 605669 102 1 203 101 1 0 0 711 0 1 1316 0 1 4 2 101 101 0 305 1 0 102 101 2 303 0 0 0 101 7 0 1 0 0 2 0 204 0 505 0 202 208 101 1 0 204 0 0 101 5 102 0 
0 606488 101 0 101 101 0 0 204 206 203 1 406 1 0 105 1 1 0 0 203 1 101 305 101 0 202 0 0 101 102 7 0 0 0 0 509 0 1 0 505 404 0 104 709 1 101 204 0 0 0 109 0 0 
0 607707 306 1 1 101 102 0 306 305 103 5 204 0 1 105 0 0 0 0 304 0 0 101 101 101 404 404 205 0 0 3 0 0 101 0 408 0 0 0 811 0 0 104 709 1 0 1 101 0 0 8 0 0 
0 610970 506 0 1 101 0 0 0 306 103 412 203 0 1 1 408 0 0 102 303 0 0 102 0 0 0 0 0 0 0 2 0 0 0 101 0 813 0 0 809 0 2 102 709 506 0 1 0 4 0 8 0 0 
0 617635 102 0 1 101 1 0 610 204 0 0 103 0 0 3 1 0 407 0 101 102 202 0 204 0 304 1 0 103 0 0 101 0 0 203 1 207 2 102 209 0 0 0 1 0 0 1 0 0 0 913 0 912 
0 622391 306 0 0 102 3 101 611 306 1 0 2 0 0 1 0 0 0 0 103 2 306 1515 0 0 0 0 102 2 0 0 0 1 101 101 0 204 317 1 101 0 0 0 2 0 0 1 101 0 3 0 0 1010 
0 623548 103 1 0 102 5 0 510 306 3 404 2 0 0 0 0 1 0 0 103 3 0 0 0 0 0 0 204 1111 0 0 0 2 0 101 0 0 1 508 1321 203 101 0 102 0 1 1 0 1 1 0 0 3 
0 627030 307 1 0 103 3 0 2 307 0 4 104 0 0 102 0 0 0 0 1 3 1 306 0 0 203 0 0 0 0 0 712 3 0 0 404 0 0 104 2731 0 0 0 0 1 0 0 0 1 3 2 0 0 
0 632062 109 1 0 815 2 3 0 1 0 0 2 0 0 0 0 0 0 0 1 1 5 0 109 101 0 0 0 0 1 0 710 3 0 0 0 0 0 0 2934 0 0 0 1 1 1 0 0 103 1 0 0 305 
0 636430 1 1 0 202 1 1 1 1 0 1 0 0 1 0 101 0 0 0 2 1 0 0 1 0 1823 0 0 205 101 0 6 1 910 0 0 0 1 0 0 1320 1 0 0 1 2 2 0 107 2 0 202 103 
0 645977 404 0 0 0 0 3 1 0 0 610 0 0 4 0 0 1 0 0 0 1 4 0 2 0 202 0 104 1111 101 0 103 508 0 202 0 404 1116 0 0 6 1 0 1 0 0 0 0 103 0 4 507 1 
0 645978 404 0 0 0 0 3 0 1 0 610 0 0 4 0 0 1 0 0 0 1 4 0 2 0 101 0 104 1111 0 0 103 508 0 202 0 0 1116 0 101 6 1 0 1 0 0 0 404 103 0 105 507 1 
0 645979 104 1 0 0 0 3 0 1 0 610 0 404 4 0 0 1 0 0 0 1 4 0 2 0 101 0 104 1111 101 0 103 1 0 202 0 0 1014 0 101 6 1 0 1 0 0 0 609 103 0 4 507 1 
0 652686 101 0 102 404 1 3 0 106 0 609 0 0 0 0 0 203 1 0 0 1 0 0 3 0 0 0 0 101 0 1 2 406 5 202 202 0 2224 1 105 5 0 102 2 0 0 0 101 0 0 208 0 0 
0 652693 202 0 102 404 1 3 0 106 0 608 0 0 3 0 0 203 0 0 0 1 0 0 3 0 202 0 0 0 0 1 2 406 3 202 202 0 2224 1 105 5 0 102 2 0 0 0 0 0 0 208 1 0 
0 658572 107 1 2 0 2 0 7 0 1 102 0 0 0 0 0 1 0 102 102 0 1 101 0 0 0 0 306 0 0 303 0 507 611 101 202 0 2224 102 1 1 107 2 2 0 0 0 108 0 0 0 102 0 
0 659489 3 1 106 0 3 0 107 0 0 104 0 1 0 4 0 0 0 0 102 1 1 0 1 0 0 0 305 0 0 0 0 507 505 101 2426 0 0 0 2 4 0 1 2 102 0 0 106 1 0 101 507 0 
0 661903 103 0 711 0 303 1 0 0 0 0 0 1 0 0 101 0 0 103 0 0 0 1 0 0 205 0 0 0 204 101 3 204 1 101 0 1 2426 1 101 108 0 1 2 105 212 0 0 0 0 101 0 2 
0 665831 1 1 1 108 303 2 0 0 101 0 0 1 0 0 0 3 0 1 101 1 104 0 0 0 207 101 0 101 101 2 1 204 202 101 2424 1 0 0 0 0 0 3 1 609 11 101 101 2 0 0 0 101 
0 666122 11 1 202 108 303 2 0 0 0 0 0 0 0 101 101 2 103 1 203 0 104 0 0 1 207 101 0 101 0 0 1 204 3 101 0 1 2424 0 0 0 0 1 1 609 11 0 101 2 0 0 0 1 
0 667640 101 0 101 108 303 2 101 2 0 1 0 0 0 0 0 0 0 1 115 0 101 0 0 0 2 202 0 0 2 0 0 204 0 101 808 1 1616 0 0 101 0 205 1 508 205 0 0 103 0 3 101 102 
0 667643 101 0 0 108 303 0 101 1 0 1 0 0 101 0 0 0 0 1 115 2 0 0 1 0 2 202 0 0 2 0 0 204 0 101 808 1 1616 0 0 101 0 205 1 508 205 0 0 103 0 104 101 102 
0 684773 205 0 0 104 405 0 205 202 0 607 0 606 111 0 0 103 0 1 0 0 3 0 0 0 0 204 9 0 0 102 0 0 0 0 708 0 0 0 101 0 103 0 0 0 1 0 101 4 0 104 0 1316 
0 689967 106 1 0 0 107 103 0 204 0 610 0 101 1121 207 0 1 0 0 0 0 3 0 0 0 0 0 0 0 0 101 1 0 0 1 0 0 607 101 101 0 0 2 0 101 1 106 101 102 3 507 0 808 
0 690056 2 1 2 0 107 0 0 305 0 610 0 0 1323 0 103 0 0 0 0 0 0 0 0 0 2 102 2 0 0 0 1 0 0 0 0 0 708 102 101 0 0 1 0 0 1 3 101 102 210 507 0 707 
0 690069 1 1 0 0 107 1 0 305 204 610 1 0 1121 3 2 0 0 0 0 1 0 101 0 0 102 0 2 0 0 0 0 0 0 1 101 0 607 103 101 0 0 0 0 0 1 3 101 102 3 507 1 909 
0 690074 2 1 0 0 107 1 0 305 1 610 0 0 1222 3 2 0 0 0 0 2 0 101 0 0 102 0 2 0 0 0 1 0 0 1 0 0 708 103 101 0 0 0 0 0 1 3 101 102 206 507 0 808 
0 690114 102 0 0 0 107 0 0 305 1 609 0 0 1121 3 0 1 0 0 1 1 0 102 0 0 102 0 0 1 0 1 0 0 0 2 101 0 607 103 101 2 0 0 0 0 1 3 101 102 206 507 0 909 
0 690528 102 1 0 0 107 102 0 305 0 609 0 0 1222 205 3 0 1 0 0 1 0 0 0 0 0 1 0 109 0 0 0 0 0 2 0 0 607 103 101 0 101 0 0 101 1 3 101 0 0 507 0 808 
0 690782 101 0 0 0 107 0 0 305 0 609 0 0 1222 0 2 102 0 1 0 1 0 0 1 0 101 0 106 6 0 0 0 0 0 4 0 0 607 102 101 101 0 101 0 101 1 3 101 0 0 507 0 808 
0 690806 1 1 0 0 107 0 0 305 101 609 0 0 1121 1 103 0 1 0 0 1 0 0 0 0 101 0 106 6 0 0 0 0 0 4 0 0 607 103 101 0 0 101 0 101 1 3 101 0 0 507 0 909 
0 690813 102 1 0 0 107 0 0 305 0 609 0 0 1222 0 103 102 0 0 1 1 0 0 0 0 101 0 106 5 0 1 0 0 0 4 0 0 607 103 101 0 0 101 0 101 1 3 101 0 0 507 0 808 
0 690842 204 1 0 0 107 0 0 305 1 508 0 0 1121 0 204 101 1 0 1 1 0 0 0 0 101 0 106 5 0 0 0 0 0 4 101 0 607 204 101 0 0 0 0 0 1 3 101 0 0 507 0 909 
0 709498 415 0 1 1218 0 0 0 106 0 101 203 101 0 1 0 2 0 0 101 1 4 0 101 1 0 405 103 0 207 0 0 0 0 0 0 0 0 0 0 101 101 0 1 306 0 4 1 0 0 202 415 1313 
0 709690 306 0 306 1216 0 101 0 106 101 0 203 101 0 1 0 2 103 0 0 1 4 0 0 1 101 405 101 0 622 0 0 0 0 0 0 0 0 101 0 202 1 0 0 1 0 4 1 0 0 0 2 1313 
0 709722 4 1 415 1216 0 0 0 106 101 0 203 101 0 1 0 2 103 0 0 1 4 1 101 1 0 405 101 0 207 0 0 0 0 0 0 0 0 101 0 202 0 0 101 307 0 4 1 0 0 0 2 1313 
0 761488 103 0 0 0 1 406 0 0 103 101 0 1 0 0 1 4 0 607 0 0 0 608 0 0 103 0 412 2 101 2 0 0 1 0 713 1213 303 2 0 0 1 0 207 0 0 0 0 3 205 0 0 0 
0 765474 202 0 0 0 0 1014 0 6 2 104 102 0 106 0 508 103 0 506 202 0 1 0 0 0 0 0 612 0 203 0 0 0 1 0 0 1014 101 0 0 0 0 0 5 0 0 0 101 0 103 202 104 0 
0 766969 406 0 606 1 205 3 0 105 0 406 102 505 0 0 202 103 0 102 0 0 2 1 202 0 0 0 612 4 205 0 101 0 1 0 0 1014 101 0 0 102 0 0 106 0 0 0 0 2 102 0 205 0 
0 775655 101 0 101 404 101 101 0 2 1 3 4 0 1 0 102 105 101 104 1112 0 0 0 101 0 2 0 0 0 101 0 202 0 108 207 0 1 508 202 0 0 0 0 2 101 101 3 810 3 103 303 0 0 
0 777896 508 0 2 0 101 101 0 2 104 3 5 810 204 0 101 104 101 0 0 101 0 1 0 0 5 0 508 0 101 0 104 101 108 103 0 0 0 2 101 0 0 0 508 0 1516 0 0 202 1 0 0 0 
0 784856 2 1 1 709 0 102 0 4 711 0 2 0 0 0 0 1 0 105 0 101 1519 0 0 0 5 0 101 204 405 0 404 203 106 2 2 0 407 0 0 0 0 2 0 0 0 0 1 2 0 0 1 0 
0 804682 203 0 202 0 3 404 0 101 2 0 0 111 0 209 101 102 1 0 0 6 0 203 506 102 101 0 0 1 0 0 305 0 0 812 0 203 0 0 0 2 0 0 0 1 0 0 0 103 0 203 1316 0 
0 808527 4 1 0 0 101 406 0 0 1720 0 0 0 0 3 3 0 0 101 0 104 0 0 0 406 101 203 0 1 1 0 0 0 305 711 0 0 0 1 0 4 2 412 1 0 505 1 0 7 0 0 1 0 
0 820288 912 0 0 610 0 0 0 0 0 0 0 101 0 1 0 101 0 4 0 104 0 0 0 1 0 3 1 0 304 1 306 0 2 304 101 1 0 2 0 0 202 912 0 0 0 713 102 912 0 0 311 1 
0 829612 6 1 0 3 0 0 0 1 0 0 0 0 0 1 0 0 0 4 0 0 0 203 106 0 101 6 1 101 0 0 0 0 0 101 0 1018 0 104 0 0 813 1 0 0 1825 0 0 102 0 0 609 0 
0 835615 2 1 0 3 0 0 0 1 0 0 0 0 0 0 0 2 0 206 1 0 0 0 112 0 0 0 0 102 0 0 0 0 0 0 0 1016 0 1113 0 101 0 0 0 0 612 0 405 0 0 0 1219 207 
0 837507 104 0 0 1 0 101 0 1 0 0 0 0 0 0 0 0 0 0 1 0 0 1 110 101 0 0 104 0 0 0 101 0 404 206 0 1016 0 305 0 0 0 0 2 101 612 0 0 0 0 707 1221 5 
0 854366 1418 0 0 0 1 0 0 0 505 0 1 0 0 0 0 0 0 0 104 0 0 107 0 0 0 0 102 108 0 102 1 0 0 0 202 7 0 303 1 5 101 0 101 0 308 0 0 0 509 101 1418 1013 
0 872088 2 1 205 0 0 0 0 0 102 0 0 0 101 0 0 202 0 203 102 0 101 0 2 0 0 0 611 0 0 3 1224 1 1 0 4 0 0 1 0 101 304 0 203 1 0 0 4 0 0 2 0 1622 
0 878459 202 0 913 411 0 0 0 0 202 2 1 2 101 0 0 101 0 2 1 0 101 0 0 0 1 0 1 0 0 412 0 0 0 0 2 0 0 714 0 0 0 4 102 101 102 1 1 102 0 101 0 1619 
0 878953 916 1 913 413 0 0 0 0 1 1 0 2 101 0 0 101 0 2 101 0 0 0 0 0 0 0 101 0 0 312 0 0 0 0 5 0 0 916 0 0 1 0 103 0 203 2 0 102 0 101 0 1619 
0 883844 2 1 1 101 102 2 0 0 307 2 1 102 0 3 0 404 0 2 303 0 0 0 1017 202 0 0 0 0 0 311 0 0 0 101 0 0 505 607 303 0 1 6 204 0 4 2 0 304 0 0 0 203 
0 908261 214 0 103 0 0 205 0 207 911 205 0 1 1 5 0 0 1 2 0 0 0 101 911 0 3 0 0 0 0 101 101 1113 0 1 0 1 508 101 101 101 1 101 0 0 0 0 0 214 0 0 0 0 
0 925738 206 0 0 3 0 203 808 0 2 509 708 3 102 0 0 0 101 9 1 1 303 0 0 1 0 1 206 0 0 0 101 102 2 102 0 0 101 0 1111 0 101 2 1 1 0 309 0 0 102 1 103 0 
0 930813 2 1 0 1 808 203 809 0 0 508 809 0 308 0 1 0 606 102 1 1 0 0 7 2 0 1 0 0 0 1 0 0 205 0 5 0 0 0 0 0 0 0 0 3 303 311 0 3 1 0 0 101 
0 931764 311 1 0 0 1113 203 815 0 0 511 809 101 2 0 0 0 811 101 0 1 0 0 0 2 0 1 0 0 0 0 0 1 0 0 0 0 0 0 0 0 0 0 1 103 0 311 3 208 2 0 1 0 
0 932411 5 1 0 0 1517 0 411 0 0 822 809 101 2 0 0 0 507 0 0 0 0 101 0 2 0 1 202 0 0 0 0 1 0 0 0 102 0 0 0 0 101 0 101 103 0 0 0 209 5 1 2 0 
0 933666 822 1 0 0 1923 0 0 0 0 822 809 101 2 0 0 0 507 1 0 0 0 101 6 0 2 1 0 1 0 0 0 102 0 0 2 0 0 0 0 0 0 0 101 2 0 0 0 209 102 1 305 0 
0 941273 103 1 0 7 0 0 303 0 104 0 101 0 709 0 0 0 505 3 204 610 0 0 1620 204 0 1 0 0 0 0 101 6 101 0 5 0 0 0 101 0 102 1 0 103 0 1 0 207 0 1 0 0 
0 943392 109 1 0 0 1 0 303 0 101 0 102 0 102 3 202 101 0 0 0 1 1 0 1623 202 0 1 0 0 0 0 101 6 101 101 3 0 0 0 1 0 0 0 303 609 109 1 0 206 0 814 2 0 
0 947204 107 1 1 0 203 1 0 0 0 0 708 0 204 0 505 2 0 1623 2 0 0 0 1 1 1 6 102 0 2 0 101 0 0 0 107 0 101 0 0 101 0 0 303 2 0 1 3 206 0 813 0 0 
0 950318 509 0 0 0 0 1 0 0 0 0 203 0 0 0 0 505 0 1619 202 307 0 0 5 205 0 6 0 204 101 0 0 0 101 0 2 0 101 509 0 101 1 108 0 2 405 1 304 105 0 0 0 2 
0 950460 205 0 0 0 0 0 0 0 0 0 203 101 0 0 0 303 0 4 0 307 1 0 1620 205 0 6 1 204 0 0 0 0 101 0 2 0 101 0 1 101 101 107 0 2 405 1 813 105 0 202 0 103 
0 953778 4 1 0 0 0 1 0 0 0 0 101 0 0 0 1 0 913 0 0 404 0 0 0 0 309 10 0 0 0 0 405 0 303 0 2 0 0 0 1 0 0 102 0 1827 0 4 612 4 0 101 0 0 
0 961812 412 1 0 102 0 3 0 304 0 1 0 0 0 0 407 0 0 0 101 101 0 102 1515 412 0 0 1 0 0 0 612 102 0 0 0 0 1 1 0 0 0 104 0 511 1 105 613 1 0 0 0 0 
0 990701 104 1 0 0 202 202 0 1 2 0 0 1 2 0 101 0 207 202 0 2 3 1 1 0 1322 0 0 101 1516 0 0 309 0 0 205 0 404 3 0 0 104 0 0 104 2 0 0 1 0 0 0 102 
0 991490 4 1 0 2 0 0 0 0 0 0 0 1 4 0 0 0 207 0 1 0 3 0 0 0 1524 0 0 303 1515 0 1 309 0 0 308 0 0 1 1 0 104 0 0 104 2 0 404 1 1 101 0 203 
0 992617 2 1 0 0 0 203 0 0 4 0 0 0 2 0 0 0 207 303 0 0 2 0 0 1 1315 0 0 0 1515 0 0 309 7 101 308 0 0 2 1 101 104 303 102 2 2 0 0 3 0 0 101 102 
0 996416 5 1 0 3 0 0 0 101 0 0 0 1 0 0 0 101 1 0 210 2 103 0 1 0 1316 0 102 0 1616 101 0 712 0 1 309 0 0 5 2 101 0 0 0 3 105 0 101 0 1 0 0 102 
1 6988 2 1 610 1 203 0 3 1 102 101 203 0 0 3 102 202 101 1 102 409 0 0 0 304 2 102 0 102 2 0 101 0 0 0 2 0 3 202 0 0 507 811 1 0 103 1 0 101 1 306 204 101 
1 7665 101 0 607 1 102 0 104 102 102 0 203 0 0 101 101 0 202 1 1 408 102 1 0 304 1 102 101 204 2 0 202 0 404 101 0 1 3 101 2 0 0 307 0 3 0 105 0 101 509 205 0 204 
1 8180 3 1 610 1 0 0 103 102 103 0 202 0 0 0 0 101 101 1 1 406 205 1 0 304 2 102 101 203 3 0 202 0 0 204 0 2 3 101 2 0 1 812 0 0 0 105 0 101 609 205 101 0 
1 13699 711 1 103 2 0 0 1 1 0 0 2 102 4 101 1 709 0 0 607 103 0 0 607 0 711 104 305 0 102 0 1 0 0 0 306 3 0 304 103 0 0 0 2 1 409 0 0 101 0 0 203 102 
1 14732 405 0 0 2 1 4 0 1 0 203 105 102 1 0 0 102 607 0 103 104 203 2 607 0 0 104 305 0 102 1 2 0 0 303 0 0 2 1 104 0 712 102 1 202 506 0 0 101 0 405 0 0 
1 15880 203 1 0 2 0 4 1 407 1 102 203 102 708 0 0 1 607 101 204 0 0 0 608 1 0 104 1 0 102 0 2 0 0 0 2 0 4 102 0 0 3 103 1 507 912 1 0 101 103 0 0 0 
1 18959 107 1 101 306 0 0 0 1 0 306 0 1 0 0 101 0 103 608 1 0 0 0 709 0 0 102 0 0 103 406 2 0 0 912 2 0 716 102 407 2 0 2 0 0 0 0 0 107 0 0 0 0 
1 26033 2 1 0 305 0 0 202 102 0 0 0 0 101 0 103 1 606 103 2 0 1 0 710 0 1 101 0 0 0 2 2 1 1 1118 1 0 0 509 101 404 0 1 2 305 0 0 314 0 0 1 0 0 
1 32764 2 1 0 508 5 0 0 0 0 2 0 0 0 0 404 2 104 0 0 1 0 0 1824 1 0 0 0 1 4 0 1 0 0 1112 0 3 0 304 0 0 0 0 0 0 1 404 415 0 1 1 0 2 
1 39993 202 0 0 0 7 0 1 5 0 0 0 0 0 0 913 314 103 102 3 1 0 0 0 1 404 0 202 0 0 202 0 202 0 0 406 0 0 303 0 202 202 0 101 0 0 1418 3 0 0 1 0 4 
1 39998 101 0 0 0 7 0 1 5 0 0 0 0 0 0 913 314 103 102 3 1 0 0 101 1 404 0 303 0 0 0 0 202 0 0 406 0 101 303 0 101 202 0 101 0 0 1418 3 0 0 1 0 4 
1 40230 101 0 0 0 0 0 1 5 0 0 0 0 0 0 913 314 102 101 3 1 0 0 0 1 0 0 404 0 1 0 0 0 0 1417 305 0 404 304 101 505 101 0 101 0 7 0 4 0 0 1 0 4 
1 40373 607 1 0 0 0 0 1 5 0 0 0 0 0 0 913 315 102 102 3 1 0 0 0 0 0 0 707 7 808 0 0 202 0 508 305 0 607 304 101 0 0 0 101 0 0 0 2 0 1 1 0 4 
1 40459 315 1 0 0 0 0 1 5 0 0 0 0 0 0 913 315 102 102 3 1 0 0 0 0 303 0 0 0 1417 0 0 303 0 305 305 0 0 304 0 404 0 0 101 0 0 202 2 0 1 1 7 3 
1 44329 810 1 0 0 0 0 0 1 1 0 0 0 102 0 0 0 102 0 0 0 1 0 0 0 0 810 0 6 0 0 4 204 0 0 0 0 0 1217 101 0 0 0 101 0 0 0 419 102 1 1 1925 2 
1 45510 206 0 206 1 8 0 101 0 607 0 0 0 202 0 0 0 102 418 4 0 0 0 0 0 0 0 0 0 0 0 0 0 0 0 0 0 0 1216 0 305 0 0 0 0 0 1924 1 2 1 0 0 2 
1 46161 914 0 0 1 7 0 0 0 914 0 0 101 101 0 0 0 102 414 2 2 0 0 0 0 0 0 0 0 0 0 0 0 0 0 204 0 0 1216 0 0 0 0 101 0 0 1925 5 1 1 1 0 2 
1 46245 2 1 0 1 7 0 0 1 405 0 0 0 101 2 0 0 102 418 0 2 0 0 0 0 0 0 0 0 0 0 0 0 0 0 1 0 0 1216 0 0 0 0 0 0 0 1925 1 915 1 0 0 2 
1 48519 418 1 0 0 3 0 0 2 1217 0 0 0 103 0 1 0 0 418 0 2 4 0 101 0 0 0 0 0 0 0 0 0 0 0 0 2 0 1216 102 1 0 0 0 0 1925 0 1 0 1 0 0 1 
1 61966 106 1 0 4 7 0 0 0 0 707 0 102 103 0 1 0 101 1 2 101 404 0 0 1 0 0 102 101 1 0 0 1214 0 0 1 0 102 2 1317 0 0 0 8 1 1 406 204 0 106 0 0 0 
1 65650 3 1 2123 3 0 0 1422 0 0 0 0 0 101 0 3 0 101 7 0 0 0 0 0 1 0 406 0 0 0 0 0 0 0 0 114 0 1 2 0 1 0 0 0 0 0 3 304 0 104 0 101 303 
1 68292 102 0 0 3 0 202 707 1 0 1 0 0 1 0 3 0 101 1925 0 0 0 103 101 2 0 305 0 101 0 0 0 0 0 0 113 0 0 0 910 2 101 0 0 0 101 2 0 8 104 102 0 101 
1 73719 1616 0 305 5 203 0 606 101 0 1616 0 0 1 101 2 0 112 0 0 0 0 0 3 2 202 303 0 1 0 0 0 0 2 0 102 0 1 0 510 3 0 0 2 0 505 0 0 307 104 1 0 0 
1 77429 2 1 0 105 1212 0 202 0 0 1 0 0 2 0 2 0 614 0 1 1 0 0 0 105 0 0 2 1 708 306 0 0 1 0 105 0 609 0 309 0 0 101 0 606 0 1 0 2 104 0 0 0 
1 90511 103 0 0 0 2 0 505 0 9 0 0 103 1 0 1 0 1 0 0 0 4 0 2 0 0 101 0 0 0 0 101 202 0 0 2029 4 404 202 0 1 912 0 1 0 0 0 1 409 105 0 0 0 
1 97682 2129 0 0 0 2129 0 0 1 1 202 0 8 0 105 4 0 0 0 0 1215 101 0 0 2 0 0 0 105 1 0 0 0 0 0 105 0 0 404 1 1 101 0 1 0 1 101 0 304 106 0 0 101 
1 105703 2 1 1423 0 2 0 0 1 0 101 101 4 1 0 0 0 0 2128 0 0 1 1 1 101 101 410 2 0 2 0 1 0 0 0 105 0 0 0 0 101 2 0 0 0 0 101 0 305 105 0 0 0 
1 115263 206 1 1 0 0 0 1 0 101 0 205 0 0 0 101 0 0 1113 0 0 0 0 0 2 1 0 4 1 2 0 0 0 0 1016 2 0 101 1 0 0 9 0 0 1 206 2126 0 0 103 0 3 0 
1 118604 104 1 0 0 0 0 1 3 0 0 0 0 1 0 0 0 0 0 1 104 0 0 0 305 102 207 106 1 1 0 0 1113 0 1012 103 0 2 0 0 0 2 0 1 1925 6 0 0 0 2 102 0 0 
1 118708 1 1 0 1 1 1 1 0 1 0 101 0 1 0 101 0 0 0 0 0 0 0 0 507 0 207 103 0 0 2 0 1012 0 1113 103 0 2 0 1 0 2 0 105 1621 6 0 3 0 104 1 0 0 
1 120305 102 0 206 1 0 0 1 0 0 0 0 0 1 0 101 0 107 0 0 0 0 0 2123 0 0 1 0 0 1 104 102 0 3 0 1 0 0 0 0 0 3 0 3 1 6 0 0 0 2231 101 3 0 
1 124515 508 0 101 1 0 0 0 3 0 0 0 1 1 0 101 1 2 0 1820 102 2 0 0 0 0 4 0 3 0 104 1 1 508 0 0 0 0 1 3 0 105 0 3 1112 2 1118 0 0 0 0 0 0 
1 130995 2 1 1 0 0 0 4 3 0 0 0 2 2 1 102 0 6 3 2325 101 0 0 0 0 1 0 1 1 0 103 0 0 0 0 3 0 2 0 3 1416 101 0 4 708 0 101 0 0 0 0 0 106 
1 138996 2 1 3 0 0 1 1 0 0 3 0 507 101 404 809 0 105 505 0 0 0 0 101 0 103 2 2 0 0 102 0 1 101 101 3 0 1017 102 0 404 1 204 0 0 0 203 3 1 0 3 0 207 
1 143196 7 1 1 101 404 1 1 0 0 2 1 608 303 1 202 103 1 101 0 209 0 203 103 0 102 0 1 7 1 104 0 0 208 406 304 101 101 102 0 0 1 0 1111 0 0 102 101 1 0 2 0 0 
1 143818 2 1 2 101 101 1 1 0 0 0 1 1 303 0 101 103 202 101 0 0 0 0 103 1 103 0 1 2 8 104 0 0 209 0 812 404 0 0 5 101 203 0 1617 0 102 102 0 1 101 2 0 101 
1 143894 107 1 2 101 0 1 1 0 0 2 1 1718 303 0 101 103 202 101 0 0 0 0 103 0 103 0 1 2 8 104 0 0 209 101 711 404 1 0 107 1 202 0 0 0 0 102 0 1 102 101 0 101 
1 151119 106 0 0 202 404 1 1 0 0 1 0 0 1 203 405 0 0 101 3 0 0 0 1 0 0 202 0 0 2 408 0 0 513 101 203 0 0 0 1 0 0 0 1826 102 110 0 0 106 0 203 0 0 
1 161358 102 0 0 0 0 1 0 0 4 109 0 303 102 0 0 0 0 0 0 101 1 0 0 0 0 0 102 0 505 910 0 202 606 0 305 0 0 0 6 5 101 1 606 1011 0 0 5 8 5 101 0 0 
1 161788 1516 0 0 0 1 0 0 4 409 109 0 808 0 0 0 0 0 0 101 1 1 0 0 0 0 0 101 0 0 1516 0 202 708 101 305 0 0 0 0 5 303 1 0 101 0 0 5 8 308 0 0 2 
1 167927 914 0 0 0 103 0 0 306 1 104 0 202 0 0 4 0 0 101 0 0 0 0 101 0 0 7 202 0 708 0 0 106 0 0 102 0 0 0 409 207 306 2 0 0 0 0 1215 914 0 0 0 0 
1 167962 1 1 0 0 102 0 0 306 710 104 0 202 0 101 0 0 0 0 1 0 202 0 0 107 0 5 202 0 708 0 0 5 0 0 102 0 0 1 409 208 306 2 101 0 0 0 1215 0 1 0 0 0 
1 167963 2 1 0 0 102 0 0 306 811 104 0 1 0 0 0 0 0 101 2 0 101 0 0 6 0 5 202 0 909 0 0 106 0 0 102 0 0 0 409 208 306 2 0 101 0 0 1215 0 1 0 0 0 
1 168085 915 0 0 0 102 0 0 306 0 103 0 0 0 0 915 0 0 101 5 0 0 0 101 6 0 1 202 0 809 0 0 102 0 0 102 0 0 0 409 208 306 2 0 4 0 101 1215 0 0 0 0 0 
1 171296 108 0 0 0 101 0 0 306 108 103 0 0 0 1 3 0 0 0 3 203 0 0 103 307 0 0 304 0 0 204 0 1 0 2225 102 506 0 101 0 107 102 2 0 4 0 0 1 0 0 203 0 0 
1 183633 411 1 0 0 1620 0 101 0 2 101 0 0 0 1 4 0 0 0 411 0 101 0 0 1 0 4 0 0 0 101 0 0 1 0 0 0 0 1 103 2029 101 101 0 0 0 0 4 8 0 305 0 0 
1 186104 2 1 0 0 0 0 0 0 1 308 0 0 0 1014 103 0 0 0 206 202 102 0 0 2 0 611 0 0 0 0 0 0 0 0 0 0 0 0 2 106 0 101 0 0 0 0 1927 212 0 0 203 0 
1 207981 102 0 0 0 0 0 0 0 0 606 101 102 0 102 103 0 0 304 1 0 0 104 2 105 2 0 0 0 1 0 1 0 0 0 102 101 0 0 317 102 1 102 0 0 2 0 1818 6 710 305 0 0 
1 208667 104 1 101 0 0 0 0 0 404 303 0 3 0 0 306 0 0 304 1 0 1 104 2 205 2 0 0 0 405 0 1 0 0 0 102 0 0 0 317 0 1 101 0 204 2 2 2223 6 0 0 0 0 
1 229107 102 0 607 0 0 7 103 0 404 0 101 108 0 203 0 1719 0 203 0 0 0 0 1 3 0 304 0 0 0 1 0 5 0 0 0 0 101 0 304 105 0 606 0 0 2 0 102 110 0 0 1 0 
1 229109 105 0 607 0 0 7 101 0 0 0 101 108 0 203 1 1719 0 203 303 0 0 0 0 105 0 405 0 0 0 1 0 5 0 0 0 0 101 2 304 105 0 606 0 0 2 0 0 110 0 0 1 0 
1 232528 1 1 0 1 0 4 202 0 0 0 0 0 0 101 210 404 0 102 202 0 0 0 0 2 405 101 1821 101 307 8 0 110 0 0 101 303 1 0 0 105 0 303 2 0 0 0 0 1 202 0 1 0 
1 232529 101 0 101 102 0 4 202 0 0 0 0 0 1 101 210 404 0 102 202 0 0 0 0 2 405 101 1821 101 206 8 0 110 0 0 101 303 0 0 0 105 0 303 2 0 0 0 0 1 101 0 1 0 
1 232531 101 0 101 102 0 4 202 0 0 0 0 0 1 101 210 404 0 102 202 0 101 0 0 2 405 101 1821 101 206 8 0 110 0 0 0 303 0 0 0 105 0 303 2 0 0 0 0 1 0 101 1 0 
1 232533 1 1 0 102 0 4 202 0 0 101 0 0 1 101 210 404 0 1 202 0 0 101 0 2 1 202 1821 0 307 8 0 110 0 0 101 202 0 0 0 105 0 303 2 0 101 404 0 1 0 0 1 0 
1 232533 101 0 0 102 0 4 202 0 0 101 0 0 1 101 210 404 0 1 202 0 0 101 0 2 1 202 1821 0 307 8 0 110 0 0 101 202 0 0 0 105 0 303 2 0 101 404 0 1 0 0 1 0 
1 232538 101 0 0 102 0 4 202 101 0 0 0 0 0 101 210 303 1 102 202 0 0 202 0 2 304 101 1922 0 206 8 101 110 0 0 0 303 0 0 0 105 0 303 2 0 0 0 0 1 0 101 1 0 
1 236133 3 1 0 101 303 101 202 0 102 0 0 103 0 105 104 1818 0 0 0 101 0 0 1 2 0 202 104 305 202 9 0 109 0 1 101 0 4 3 0 204 101 202 101 0 2 101 0 1 0 102 1 202 
1 237847 709 1 0 101 101 101 101 0 0 0 0 103 0 105 3 0 0 0 0 1 0 0 102 2 303 0 1112 0 202 9 1010 111 202 1 0 0 4 0 0 0 101 0 202 102 2 2 0 1 0 709 3 304 
1 242600 102 1 0 0 0 0 0 0 0 707 0 1 0 4 0 101 0 0 0 305 0 0 4 2 0 0 1516 103 0 9 303 0 1 1 1 0 0 0 0 1 0 0 408 0 0 0 1017 102 0 5 407 102 
1 257598 404 0 0 611 0 3 0 101 404 0 0 8 0 0 102 1520 102 0 103 1 6 0 0 202 0 0 101 0 104 4 0 0 0 0 0 0 0 1 0 1 404 2 202 1 0 406 102 0 0 404 104 101 
1 259141 8 1 0 611 0 1 0 101 205 0 0 8 0 1 0 2327 102 2 2 0 6 304 0 202 304 0 0 0 2 203 103 0 0 0 0 0 0 1 0 1 304 0 0 0 0 1 102 0 101 1 104 1 
1 262369 2 1 0 211 307 1 0 101 306 0 2 1 0 0 0 0 510 0 0 0 107 101 1 202 0 0 0 0 2 203 0 1 2 0 0 1 0 1 0 0 1 0 303 510 0 0 0 0 0 2122 104 0 
1 271178 103 1 0 712 101 101 406 101 306 1 0 0 0 0 0 5 1 0 1 101 2123 0 1 0 205 0 0 0 1 101 0 0 0 102 1 3 0 0 109 102 1 0 0 0 103 0 3 203 1 0 205 0 
1 271912 102 0 0 106 102 0 406 101 0 0 0 103 0 101 0 311 607 0 1 0 102 1 0 0 3 0 0 0 1 0 102 0 102 508 1 3 101 0 8 2122 2 0 0 0 0 0 3 0 1 0 0 202 
1 279620 102 0 0 608 0 0 0 101 102 110 210 205 0 5 0 0 101 0 0 0 309 0 1 203 0 0 0 1010 0 0 1 0 0 101 0 4 505 0 1 303 3 0 0 0 0 0 1 103 1 1112 0 0 
1 283029 2121 0 0 607 103 0 0 0 4 5 210 104 0 0 0 2121 102 0 0 0 309 0 0 0 0 0 0 0 202 8 102 0 102 0 102 0 0 0 0 303 3 505 0 0 0 0 207 0 0 1 0 0 
1 283030 2121 0 0 607 103 0 0 0 4 107 210 104 0 0 0 205 102 0 0 0 104 0 0 0 0 0 0 2121 202 8 102 0 0 0 102 0 0 0 0 303 3 505 0 0 0 0 207 0 0 1 0 0 
1 297276 104 1 1 606 0 0 0 0 308 1 0 203 0 0 101 407 1317 0 0 102 0 203 308 1 2 0 0 102 108 0 0 109 1 101 0 0 404 0 102 0 104 0 1 0 0 0 306 0 0 202 0 0 
1 304328 107 0 0 101 2 0 0 101 311 1 0 6 1 202 0 306 1314 810 0 0 0 0 1115 0 0 0 0 107 0 0 0 0 3 1 0 0 0 0 0 0 0 0 0 0 0 1 1 0 513 102 0 102 
1 305694 107 1 102 0 1 0 0 0 309 1 0 107 0 202 0 306 1314 0 0 303 0 0 1217 2 0 0 1 2 0 0 1 0 3 1 0 0 404 0 0 0 0 0 0 1 0 1 0 0 514 205 103 0 
1 307364 309 0 0 101 1 0 0 0 309 1 0 0 102 3 1 306 1314 0 1 0 0 5 1217 1 0 0 3 2 0 0 1 0 101 104 0 0 309 0 0 0 0 303 0 0 0 1 507 101 0 104 0 202 
1 307570 613 0 0 101 0 0 0 0 309 0 0 0 0 3 1 306 1314 0 2 0 0 0 1217 7 101 0 0 2 0 0 1 0 101 103 0 0 0 0 0 0 1 613 0 1 0 0 508 204 0 104 0 101 
1 310063 202 0 101 0 0 0 0 0 305 0 6 0 0 104 1 0 1314 0 0 817 0 0 1218 1 0 0 0 2 0 0 202 106 101 1 0 1 1 0 0 0 0 4 0 1 205 0 1 0 303 204 0 101 
1 312121 406 1 0 0 0 1 101 107 305 101 0 1 0 1 1 0 1313 0 1 0 0 0 1218 0 0 0 0 1 0 406 2 0 818 0 0 0 0 0 0 0 0 4 0 1 211 0 0 0 303 204 0 0 
1 332945 2 1 0 0 0 0 0 0 103 0 0 1 102 1 101 0 0 0 0 1 0 0 0 0 105 0 711 0 101 101 3 0 0 101 103 0 0 1 0 103 1 406 0 0 2 419 3 1720 608 202 0 101 
1 349083 204 0 1414 0 0 101 105 101 0 0 108 0 0 0 101 0 708 0 202 0 204 101 1 0 208 0 0 0 0 4 1 0 203 0 0 101 0 3 1 1 406 3 0 0 0 206 105 203 102 0 202 205 
1 356747 105 0 2 0 0 0 1 101 0 404 2 0 0 0 102 405 0 0 607 0 0 0 0 0 312 0 1721 404 0 308 0 0 0 1 105 0 408 0 106 0 103 0 0 0 4 0 4 0 0 0 0 0 
1 377606 106 0 106 0 1 0 0 0 0 0 508 0 0 0 101 0 614 4 0 0 0 1521 0 0 0 1 102 2 102 0 609 1 1 0 101 0 509 203 0 505 101 0 0 0 0 2 0 4 2 0 0 0 
1 400639 7 1 102 0 104 4 405 0 11 911 0 0 0 0 102 0 0 4 0 0 0 0 0 0 507 7 0 101 812 0 0 107 0 0 0 0 404 709 0 0 1 0 0 707 0 101 0 1 0 0 0 0 
1 413692 101 0 311 0 303 0 0 507 103 0 204 0 0 0 4 0 0 0 5 0 0 0 3 0 0 404 0 101 0 0 101 3 0 0 3 0 0 2 607 0 0 101 1 5 0 106 0 204 2022 0 0 0 
1 413824 508 0 314 0 303 0 0 0 103 0 2228 0 0 0 4 0 101 0 607 0 0 0 1 0 0 404 0 101 0 0 0 0 0 0 0 0 0 1 6 5 0 0 3 0 508 106 101 204 0 0 0 0 
1 413826 508 0 8 0 404 0 0 0 103 0 2227 0 0 0 310 0 101 0 607 0 0 0 2 0 0 303 0 101 0 0 0 0 0 0 508 0 0 1 6 5 0 0 3 0 101 106 101 103 0 0 0 0 
1 413828 511 1 6 0 404 0 0 0 103 0 2228 0 0 1 206 0 101 0 607 0 0 0 0 0 0 303 0 101 0 0 0 0 0 0 0 0 0 1 6 5 106 0 511 0 101 106 101 103 0 0 0 0 
1 418517 417 0 0 101 0 0 608 101 811 0 0 0 0 0 0 0 413 0 0 0 1 0 0 0 0 303 0 101 0 0 0 0 0 0 0 0 0 2 2 0 1 0 1 0 417 3 0 2 2233 0 0 0 
1 426011 407 0 0 0 204 0 1 0 303 101 101 0 0 4 0 101 718 1112 913 0 101 0 204 0 0 0 0 1 0 0 0 0 0 102 0 0 0 0 5 0 0 0 517 202 3 0 0 407 0 0 0 0 
1 429282 101 0 0 0 306 101 1 0 101 0 102 0 0 3 0 101 617 101 202 1 809 0 0 0 0 0 0 3 303 0 0 2 0 102 102 0 101 404 106 202 1 0 101 0 508 716 1 3 0 0 0 0 
1 434582 103 0 0 0 303 101 0 0 2 0 101 0 101 1116 0 2 418 101 101 0 0 2 1 0 0 101 0 819 0 0 1 103 0 405 0 0 101 101 305 101 1 0 101 1 205 101 0 204 101 0 0 0 
1 435978 2 1 0 0 0 102 0 0 0 0 0 1 505 0 0 103 418 0 204 1116 101 1 204 0 0 104 0 816 0 0 2 0 0 405 0 0 101 101 305 0 1 0 101 0 306 0 0 103 0 0 0 0 
1 454175 2 1 5 0 106 305 9 0 304 2426 0 0 612 2 813 0 1 0 0 0 0 0 0 0 0 0 0 1 0 0 0 0 0 0 0 0 1 0 0 2 101 0 0 0 1 0 2 306 0 2 0 101 
1 461489 708 1 9 0 103 202 8 0 102 0 0 0 208 0 0 0 0 1 0 0 0 205 0 0 0 103 0 405 0 2 0 0 0 0 0 3 0 101 303 0 407 0 0 2126 0 0 1 708 1 102 0 0 
1 466606 106 0 11 0 508 103 6 0 101 814 0 0 106 0 101 0 0 1 2 101 0 0 0 0 0 0 0 102 0 204 0 0 2 0 0 0 1 0 0 606 101 1 0 1010 0 0 1014 0 103 0 0 102 
1 468586 11 1 11 0 3 203 1 0 0 208 0 1 1 0 0 0 0 0 104 808 0 1111 103 0 0 0 3 710 0 203 0 5 0 0 0 0 3 0 101 303 0 0 0 0 0 0 911 101 103 2 0 101 
1 474551 4 1 101 0 407 1521 0 0 1 107 1111 0 4 0 0 0 1 0 0 202 0 101 3 0 2 0 0 314 808 0 0 0 0 1 0 1 0 0 101 101 0 0 0 0 0 0 0 101 2 106 4 0 
1 476459 3 1 505 0 608 1218 0 0 5 309 505 0 5 0 0 303 2 0 101 101 101 505 3 304 0 0 0 112 0 0 0 0 0 0 0 0 0 0 101 101 5 0 0 0 0 0 0 101 101 0 2 2 
1 490947 104 0 104 0 0 0 8 0 4 207 5 0 0 0 0 0 208 0 104 101 202 0 0 0 103 0 0 0 0 0 202 101 1 0 0 0 0 2 101 404 0 0 0 607 0 101 303 0 2027 0 3 202 
1 491562 206 1 0 0 0 0 8 0 4 203 4 0 0 0 0 0 206 0 5 101 101 0 0 0 102 0 206 0 101 0 0 101 1 0 0 0 0 4 101 404 0 0 0 708 2 0 304 0 1821 104 105 404 
1 502680 5 1 0 2 1 0 0 0 1 0 306 0 101 0 1 404 5 0 6 404 404 0 101 0 0 101 101 203 101 0 0 0 5 0 0 101 0 1 0 101 916 112 0 0 0 101 0 101 0 101 1117 202 
1 504029 112 1 0 5 102 0 101 0 0 0 409 0 101 101 2 404 0 0 6 404 0 101 2 0 0 0 0 101 101 101 0 0 2 0 0 202 0 2 0 101 1017 112 0 101 0 101 0 101 102 0 1117 101 
1 509173 101 0 0 0 0 0 303 0 4 0 203 101 101 0 104 101 0 0 6 411 101 307 101 0 0 0 207 2 101 0 0 0 1 0 101 0 0 0 202 1 0 0 2 0 101 101 1 202 202 5 2028 0 
1 522880 103 1 0 2023 0 0 5 1 0 0 304 405 411 104 1 4 7 0 0 101 0 101 103 0 0 1 0 4 0 304 0 0 0 0 0 0 0 101 0 0 0 609 1 1 0 101 0 101 0 204 103 0 
1 523157 408 1 3 506 0 0 2 0 408 0 304 404 411 104 1 4 7 0 0 101 0 0 103 0 0 102 0 0 0 304 0 0 1 0 0 0 0 101 0 0 102 609 1 1 0 101 0 101 0 1314 5 0 
1 524130 205 0 0 1111 0 0 3 0 1 101 101 404 411 101 0 4 3 1 0 303 104 0 105 0 0 0 0 0 0 303 0 0 1 1 0 0 1 101 205 3 1014 608 0 0 1 0 2 101 0 1 5 0 
1 524137 104 0 0 909 0 404 3 0 1 0 0 0 411 101 0 4 3 102 104 304 3 0 105 0 0 0 0 0 0 303 0 0 1 0 0 0 102 0 3 3 1216 608 0 101 102 101 2 101 0 1 2 0 
1 524139 102 0 102 909 0 404 3 0 1 0 0 0 411 101 0 4 3 102 1 303 104 0 105 0 0 101 0 0 0 303 0 0 1 0 0 0 102 0 3 3 1216 608 0 0 104 0 2 101 0 1 2 0 
1 524143 102 0 304 909 0 404 3 0 1 0 0 0 411 101 0 4 3 102 0 0 3 0 105 0 0 0 0 0 0 303 0 0 1 0 102 0 102 0 3 3 1216 608 0 101 104 101 2 101 0 1 2 0 
1 528749 2 1 101 1 0 0 4 0 0 0 0 404 102 101 103 1 5 412 203 0 101 303 106 0 0 0 0 0 0 101 0 0 611 0 101 0 0 1 3 1 0 2122 3 0 104 0 2 101 0 0 3 0 
1 535880 103 1 1 709 0 0 0 303 1 0 0 3 205 0 101 104 0 410 0 0 0 0 0 0 0 0 101 0 0 0 0 0 0 0 102 103 0 0 104 0 0 101 1 0 109 512 102 1619 404 0 5 0 
1 537281 205 1 102 608 101 0 404 0 1 303 0 202 206 1 0 3 2 5 0 0 0 0 0 0 0 101 0 205 102 510 0 0 0 0 102 0 101 0 104 3 101 0 0 606 109 0 102 1013 0 0 3 0 
1 545825 304 0 0 0 0 0 1 0 1 0 0 0 0 5 0 0 304 613 206 0 0 101 0 0 0 102 0 0 0 5 0 0 0 0 1 0 0 202 101 0 0 204 609 0 2 205 0 1121 0 1316 0 1 
1 558795 204 1 0 0 0 5 0 303 0 202 0 0 1 106 0 0 5 613 0 0 0 104 0 406 0 0 0 0 0 0 101 0 202 0 410 0 0 0 0 305 1 204 0 0 405 0 102 1017 0 202 406 0 
1 566666 710 0 0 0 0 710 0 204 0 0 0 1 1 0 101 1 102 614 0 0 0 203 0 101 0 106 0 205 0 307 0 0 0 0 1 1 0 0 0 0 101 310 506 0 0 909 102 106 0 0 404 4 
1 573665 406 0 2 1 0 412 2 0 0 0 0 1 0 0 1 101 0 612 0 0 0 306 0 0 1 101 1 0 0 2 101 405 0 0 0 0 0 1 304 707 307 5 0 2 0 1 406 1212 2 0 0 104 
1 577118 108 1 0 104 0 406 2 102 0 0 0 1 203 202 6 0 0 611 0 0 304 307 0 0 1 0 0 102 0 1 0 0 101 1 101 0 101 1 304 909 0 5 0 108 1 102 3 1010 1 0 0 0 
1 579614 3 1 0 104 0 0 103 102 202 0 0 0 405 0 3 0 0 1923 1 0 0 2 101 0 0 0 1 1 204 1 1 0 1 0 101 4 209 1 304 202 405 1 0 1 3 1 2 708 1 0 0 2 
1 581126 307 1 0 0 0 1 306 2 0 0 0 0 0 0 307 102 0 509 0 104 203 1414 0 1 0 101 0 0 0 3 0 0 101 1 0 1 209 1 0 202 304 4 102 1 202 1 2 510 1 0 405 0 
1 581339 6 1 0 0 0 1 205 304 0 0 0 0 0 0 0 102 0 2 0 3 0 1921 0 1 0 101 0 101 2 6 0 101 101 304 101 2 209 1 0 202 304 3 2 1 202 1 2 510 1 0 304 0 
1 586259 3 1 1 0 104 101 1 506 206 0 1 0 0 0 0 102 0 0 0 0 308 0 0 0 1 0 0 303 2 0 4 0 101 0 1 3 0 1 0 0 204 2 1 1 2126 1 305 1 3 0 202 508 
1 615380 810 0 101 0 5 205 0 0 307 415 0 0 101 6 0 0 0 2424 1 3 0 0 104 0 0 810 0 0 0 0 3 0 101 0 1 3 0 104 2 0 101 0 0 0 0 0 0 0 0 0 0 303 
1 616198 406 0 0 0 107 205 2 303 406 412 2 0 0 6 0 0 0 0 305 104 0 0 105 0 0 3 0 0 0 202 2 0 101 0 0 2 0 3 0 0 0 102 0 101 2424 0 0 0 0 0 203 0 
1 626163 5 1 0 611 0 207 1 1 4 0 1 0 1 208 0 101 0 303 1 0 404 101 0 0 0 809 0 2 0 0 2 1 303 404 0 506 0 104 5 0 1 101 0 0 0 2 0 506 103 0 3 304 
1 626700 4 1 0 106 0 0 6 1 4 0 0 0 1 208 0 404 0 0 2 1 101 0 0 505 0 809 0 1 0 0 209 0 404 606 0 1 0 103 1 0 507 101 101 0 0 2 0 606 103 0 207 0 
1 633970 4 1 0 0 0 202 6 2 0 1 1 0 1 209 0 0 0 0 104 102 408 0 0 0 0 709 0 308 1416 0 0 0 0 1212 0 0 0 102 4 0 204 0 3 1 0 3 0 0 102 0 0 0 
1 642713 1518 0 0 0 0 103 101 2 2 0 2 0 206 107 0 101 0 0 105 0 1518 0 0 0 0 709 0 0 1 2 101 511 808 105 0 0 1 0 0 0 2 0 0 0 303 105 101 0 104 0 0 0 
1 644306 107 0 0 0 0 103 0 2 3 0 1 0 709 102 0 707 1 101 105 0 6 0 0 0 0 709 101 0 2 0 101 0 0 104 2 0 1 0 0 0 107 0 101 0 303 105 0 0 1013 0 0 611 
1 645578 202 0 0 0 0 103 0 1 3 0 1 0 0 102 0 404 0 404 102 0 7 0 1 202 0 712 0 1 305 0 101 1 101 0 1 1 1 0 0 0 103 1 101 0 303 105 611 507 815 0 0 0 
1 645580 101 0 0 0 0 103 0 2 3 0 1 0 0 102 0 404 0 404 102 0 7 0 1 0 0 712 0 1 305 0 101 0 101 101 1 1 2 0 0 0 2 0 101 0 303 105 611 507 815 101 101 0 
1 645581 1 1 101 0 0 103 0 1 3 0 1 0 0 101 0 404 0 404 102 1 6 0 1 0 0 712 0 1 305 0 101 0 101 101 1 1 2 0 0 0 2 0 101 0 303 105 611 507 815 2 101 0 
1 645582 101 0 101 0 101 103 0 1 3 0 1 0 0 101 0 303 0 404 102 1 2 101 4 0 0 712 0 1 305 0 101 0 101 0 1 1 2 0 0 0 103 0 101 1 303 105 611 507 815 2 0 0 
1 645584 1 1 0 0 0 103 0 1 3 0 1 0 0 101 0 303 1 404 102 0 2 101 4 0 0 712 0 1 305 0 101 0 101 0 1 1 1 0 0 0 103 1 101 1 303 105 611 507 815 2 202 0 
1 657895 5 1 0 2 0 0 0 0 2 0 2 1 0 5 0 910 1 101 0 103 1 1 0 0 0 1 0 811 306 0 304 0 1 203 0 103 0 0 0 0 104 102 0 0 0 1 1418 0 606 7 0 4 
1 662394 3 1 1 0 6 404 202 0 0 0 104 0 0 103 0 202 0 507 4 0 0 0 0 0 0 1 0 811 0 0 3 0 0 101 0 204 0 101 0 0 104 102 1 1 0 2 1617 0 505 12 1 1 
1 668121 7 1 0 0 2 101 912 2 3 0 103 0 0 206 0 202 0 101 911 2 0 0 0 0 0 507 406 0 101 0 112 0 101 101 0 811 7 0 0 0 2 102 0 0 0 0 101 0 202 2 0 0 
1 674805 4 1 0 2 0 405 0 1 2 0 203 0 0 0 0 102 101 0 708 4 101 0 0 0 0 0 1 1011 303 5 0 0 1417 101 0 2 103 104 2 0 4 101 0 1 0 110 203 0 0 1 0 2 
1 675457 911 1 0 2 0 405 0 7 2 0 203 0 0 0 0 102 0 0 1011 4 101 303 101 0 0 2 911 1212 0 2 0 0 1 101 0 1 101 205 0 0 4 103 4 1 2 4 203 0 0 0 0 2 
1 677498 3 1 3 3 0 406 0 1 2 0 203 0 0 0 0 102 0 0 0 0 0 0 0 101 101 0 0 0 303 2 3 0 0 101 0 103 104 211 2 0 5 2427 1 0 3 0 910 0 0 1 0 2 
1 683438 2 1 1 0 2 203 0 204 2 0 101 303 202 202 1111 0 101 0 204 9 404 305 0 101 0 508 1 0 405 3 0 3 0 406 0 0 101 2 2 0 5 0 1 0 0 102 101 0 0 1 0 4 
1 695172 102 0 0 5 0 2 3 0 3 2 0 0 1 6 0 102 204 0 3 0 1316 101 0 0 0 0 307 607 0 0 0 101 1 202 1 0 405 0 0 0 107 102 0 1 101 506 809 0 101 0 1 0 
1 695173 911 0 0 5 0 2 3 0 3 2 0 0 1 6 0 102 204 0 3 0 1316 0 1 0 0 0 307 911 0 0 0 101 1 202 0 0 405 0 0 0 107 0 0 1 101 506 809 0 0 0 1 0 
1 701966 3 1 101 203 0 406 0 0 1 507 0 0 1 6 406 102 0 6 0 0 1316 0 202 101 303 0 4 1 0 101 3 0 0 101 0 0 405 0 0 2 510 0 0 1 1 0 0 103 2 0 205 0 
1 701985 6 1 101 203 0 406 0 0 1 5 0 0 1 6 406 102 101 6 0 0 1316 0 101 0 303 0 102 1 0 0 1 0 0 101 0 101 404 0 404 2 510 0 0 1 1 0 101 103 2 3 205 0 
1 704605 407 1 0 203 0 0 1 1 0 0 0 101 0 7 203 203 0 1 0 2 1111 0 202 0 0 0 0 0 0 0 204 0 410 101 0 0 404 0 715 4 0 0 0 1 1 407 303 102 0 107 205 101 
1 705151 7 1 0 203 0 0 7 0 0 711 0 101 0 109 203 203 0 1 0 2 0 0 101 101 0 202 3 0 0 0 204 0 404 101 0 101 405 1112 0 4 0 0 0 1 1 0 0 0 0 514 205 101 
1 706260 205 0 0 203 0 0 203 808 6 0 0 0 0 0 102 203 0 1 0 0 0 101 101 0 0 0 710 0 0 0 204 0 406 0 303 101 406 1 3 4 0 101 0 1 1 0 101 210 0 615 205 0 
1 708355 1011 1 102 203 1 0 1011 0 311 0 0 0 0 0 0 101 101 0 0 102 0 102 0 0 0 0 607 1 0 0 406 0 0 101 0 709 407 0 106 0 1 0 0 1 2 3 0 107 0 615 0 0 
1 714791 3 1 0 203 0 1 0 404 311 0 205 4 304 203 0 0 0 0 0 101 101 0 102 0 1 0 1011 1 0 0 303 3 0 0 0 0 311 101 409 1 0 101 101 0 4 0 0 0 102 712 0 0 
1 724693 615 0 203 203 101 1 303 0 202 101 102 0 614 0 8 0 1 0 303 101 0 0 0 0 203 1 304 106 202 0 0 304 106 0 101 303 101 3 0 1 0 101 615 0 0 0 0 304 0 101 0 1 
1 726254 714 1 102 203 0 1 202 101 202 102 102 0 713 0 412 0 0 202 1 0 0 0 405 101 102 1 102 1 0 0 202 408 0 0 0 0 105 104 1 0 0 101 714 0 101 208 0 0 0 101 0 0 
1 738674 1014 0 1 202 0 0 307 1 0 1 0 102 0 202 203 0 101 0 206 5 0 1117 203 1 205 1 2 105 203 0 206 101 0 101 0 2 103 0 102 0 0 101 1014 202 0 0 0 0 0 0 0 0 
1 741758 5 1 0 203 0 0 416 2 0 0 0 1 0 0 203 0 0 101 105 5 0 0 203 1 103 0 1010 104 1 303 2 101 0 204 0 0 204 102 102 1 102 0 2 101 0 0 101 101 1213 0 0 3 
1 743327 416 1 0 205 0 0 416 0 0 0 0 102 1 101 203 0 0 2 204 0 0 0 203 1010 103 0 0 102 2 0 304 202 0 204 0 0 204 2 0 0 1113 101 8 0 2 0 303 0 0 0 0 3 
1 745343 103 1 0 205 0 0 1 0 0 0 0 102 304 0 203 0 0 303 205 0 0 0 203 0 103 0 1 102 2 0 507 202 0 307 0 3 101 2 0 0 1616 202 8 0 0 0 1 0 0 0 1 416 
1 751203 105 0 0 7 0 101 1 303 0 0 0 404 202 1 203 103 0 1 205 0 0 0 105 101 0 1 101 0 10 0 1114 0 0 307 0 4 1 102 0 0 202 0 0 405 1 0 0 0 404 0 0 711 
1 751875 102 0 0 4 0 1 2 405 0 0 101 404 101 0 102 103 0 1 204 0 0 0 0 101 0 1 202 101 9 0 1114 0 0 306 0 1 1 102 1 0 202 0 0 405 0 0 1 0 303 0 0 822 
1 755368 104 0 0 820 0 1 4 507 0 0 203 307 304 0 1 0 0 0 202 3 0 0 1 101 303 1 202 202 104 0 1114 102 0 104 1 3 0 0 0 0 0 0 101 303 0 3 101 0 0 0 0 2 
1 760505 104 0 0 204 0 308 3 0 0 0 101 0 2337 203 0 0 102 0 101 1 0 0 102 3 809 1 404 102 2 0 0 0 0 0 2 0 1 0 1 0 101 3 0 104 102 0 0 0 2 0 1 0 
1 767915 3 1 0 0 0 0 3 0 0 0 0 0 2236 203 0 0 103 0 101 4 0 3 707 0 0 1 203 1 105 0 101 101 101 2 0 1 0 405 0 0 409 0 1 204 2 1 0 0 101 0 0 1 
1 769218 101 0 0 0 0 0 3 104 0 101 0 1 2233 0 0 0 103 0 0 4 101 1 303 2 101 0 203 3 103 101 0 404 0 2 405 0 101 102 0 0 409 102 1 102 2 1 0 0 0 0 0 2 
1 773352 104 0 1 0 0 1 3 0 0 101 203 0 2234 102 0 0 101 0 2 0 0 0 305 0 103 0 104 1 102 0 0 0 1 2 202 1 0 4 408 0 0 1 0 101 202 305 303 0 104 1 102 0 
1 773484 203 0 1 0 0 1 3 0 0 0 203 0 2234 102 0 0 101 0 0 1 0 1 305 0 207 0 104 1 102 0 101 1 1 1 2 1 0 2 408 0 1 1 0 0 404 608 101 0 0 0 102 0 
1 777678 3 1 0 0 306 0 3 0 0 0 0 0 2226 1 0 1 202 101 0 0 0 0 306 0 2 0 114 2 101 102 202 104 0 0 0 0 0 2 1 102 0 102 0 103 505 507 3 0 0 1 1 0 
1 785325 102 0 1 0 109 0 0 0 0 3 2 101 712 2 0 404 205 101 0 0 0 1 305 0 0 101 0 3 101 101 0 0 0 1618 2 0 102 4 1 0 0 101 4 101 0 709 0 0 101 0 4 101 
1 785332 101 0 1 0 109 0 0 0 1 3 2 101 712 2 101 404 205 101 101 0 101 1 307 0 0 101 0 3 101 101 0 0 1 1618 2 0 1 3 0 0 0 101 4 101 0 709 0 0 0 0 2 0 
1 786946 3 1 0 0 108 0 0 0 1 0 2 101 0 0 0 0 205 0 0 103 202 4 1 0 0 0 102 3 101 102 0 0 101 2022 711 0 3 1 0 0 101 101 4 306 407 0 0 0 0 0 308 0 
1 796912 102 0 203 0 113 102 309 0 1 0 2 101 2328 0 0 0 304 101 103 2 101 0 101 0 0 101 0 1 101 202 0 1 1 0 2 0 101 2 102 0 101 0 2 203 0 0 0 203 0 2 104 0 
1 798745 2532 1 1 0 0 0 308 0 1 1 2 0 0 0 0 0 304 101 2 0 202 3 2 0 2 0 0 1 214 101 0 1 104 0 0 203 0 0 101 0 101 303 3 2532 0 0 0 203 0 0 304 0 
1 802408 305 1 0 0 8 0 0 207 0 1 2 0 2 0 0 0 0 101 101 0 0 0 1 0 2 101 0 1 206 0 202 102 206 2531 0 2 0 1 101 0 0 203 104 1 202 0 202 102 0 103 305 0 
1 820736 4 1 204 3 0 0 1 813 0 101 101 0 101 4 0 0 0 0 102 101 0 0 1112 101 1 0 204 308 0 0 2 0 102 1 0 1 0 2 2 0 0 4 0 0 0 305 0 4 0 0 1420 0 
1 823028 105 1 204 0 1 0 0 2 0 105 101 0 0 4 0 0 0 0 106 0 0 0 1011 0 0 0 0 816 0 0 2 1 103 0 0 0 406 304 3 0 0 1 101 0 0 3 0 1 810 0 1015 0 
1 832396 710 0 103 1 0 0 1 106 0 1 2 0 0 303 103 0 0 0 205 0 710 0 1 0 0 202 1 407 303 101 0 101 1119 0 0 0 0 0 1 812 0 2 0 1 3 0 2 102 305 1 101 0 
1 841729 509 1 910 0 0 0 104 3 0 5 104 0 304 102 609 0 2 303 101 101 105 2 0 101 0 204 0 0 0 1 102 0 5 306 0 0 0 0 2 101 0 0 101 0 506 0 0 509 305 1 101 0 
1 860332 3 1 3 0 0 0 107 3 0 303 0 103 0 101 911 0 814 0 0 305 0 0 101 1 0 202 0 0 101 1 0 0 1018 0 101 0 208 1 0 0 0 1 101 1 0 3 0 103 506 1 0 0 
1 874081 104 0 204 0 0 0 211 915 0 2 0 104 0 203 101 404 0 0 0 1 0 103 2 0 0 0 0 1 0 5 0 0 0 0 405 102 0 0 0 0 608 0 0 0 0 0 1 207 101 1319 101 0 
1 895604 307 1 0 0 0 103 0 0 0 708 0 0 0 0 105 1 1 1216 912 0 2 0 109 1 1 405 0 0 102 2 208 0 2 0 101 0 1 0 101 0 202 1 307 4 0 101 0 404 0 0 0 0 
1 907030 205 1 0 0 0 0 4 0 0 808 0 0 0 101 0 0 3 303 0 2 0 0 105 1 0 0 0 0 0 102 208 105 812 202 1 0 0 2 0 205 0 0 0 0 0 0 408 1723 5 0 0 0 
1 926460 104 0 0 0 0 0 101 0 0 0 2325 0 7 104 204 0 0 105 0 1 0 104 1 0 0 0 0 0 0 0 0 0 814 0 213 0 0 0 3 104 202 104 202 0 0 101 101 303 0 0 1 0 
1 932921 101 0 0 101 0 0 404 101 102 0 303 0 2 104 208 101 0 206 0 9 2 0 2 0 4 101 303 101 2 0 101 0 0 0 4 2 0 815 0 0 405 101 808 0 0 202 0 303 101 1 0 101 
1 932965 102 1 0 1 0 0 404 101 203 0 101 0 2 3 208 0 0 206 0 8 2 102 2 0 4 101 303 101 2 0 0 0 1 101 4 0 0 714 0 101 405 101 1010 0 0 202 0 303 101 1 0 202 
1 936522 103 0 202 808 0 202 202 303 2 0 0 101 103 105 208 204 209 0 101 0 3 202 0 0 0 101 0 0 0 102 1 0 0 505 407 1 1 7 0 1 101 101 6 0 0 405 0 101 202 1 1 101 
1 946149 809 0 304 0 101 808 0 510 305 1 0 0 0 2 404 617 0 4 0 0 103 405 0 0 0 2 0 0 4 0 0 0 809 0 3 0 102 105 0 0 0 0 101 0 3 101 0 0 0 0 3 303 
1 953579 507 0 1 0 808 507 611 0 101 5 0 101 3 6 0 615 0 0 304 0 405 1 0 0 0 102 104 203 0 0 0 0 0 0 207 0 0 0 0 2 0 608 101 101 0 0 0 101 0 0 0 103 
1 953981 3 1 0 0 1315 0 510 0 101 3 0 205 2 6 0 617 0 0 305 0 304 0 0 0 0 0 0 404 0 0 0 0 102 0 207 0 0 0 0 2 0 608 101 101 0 0 0 0 0 3 101 103 
1 963514 915 1 101 0 0 0 106 0 101 0 0 0 202 614 202 1017 0 0 0 0 0 1 2 203 0 0 409 0 0 0 0 0 101 4 103 0 0 0 0 0 0 104 710 0 202 0 0 0 0 0 915 3 
1 964365 2 1 5 0 101 101 1017 0 101 406 0 0 101 614 0 101 0 0 0 0 101 0 2 203 1 0 611 0 0 710 0 0 0 3 103 0 0 0 1 0 0 104 0 0 0 0 0 0 0 0 711 3 
1 970782 606 0 1017 101 0 203 3 0 101 0 0 205 0 305 0 606 0 0 0 0 205 0 5 1012 1 0 206 0 0 0 0 0 101 0 103 0 0 1 2 0 103 1 0 105 104 0 0 0 1 0 609 0 
1 981252 305 0 0 0 0 0 813 0 103 0 0 3 0 709 0 103 0 0 0 0 103 0 1422 0 0 0 0 0 0 0 2 0 101 0 610 101 305 0 0 102 105 206 0 0 0 0 103 1 0 0 208 0 
1 981613 1421 1 0 0 101 0 813 0 103 0 2 208 0 709 0 103 1 0 0 0 104 0 1421 305 0 0 0 0 0 0 0 0 0 0 610 101 0 0 0 102 105 1 0 0 0 0 103 0 0 0 208 0 
1 987588 508 0 0 0 0 0 0 0 101 0 508 4 0 101 3 0 1 0 710 0 303 208 1 0 0 0 410 0 0 0 0 0 101 206 610 103 812 0 101 2 101 308 101 0 1 0 101 0 0 0 203 0 
1 988196 615 0 0 0 0 0 0 202 101 0 0 0 0 303 0 2 1 0 710 0 0 615 3 2 0 0 3 0 0 0 0 0 101 207 609 103 912 0 608 2 101 308 102 2 0 0 101 0 0 0 2 0 
1 990499 619 0 0 0 0 0 3 1 101 0 0 0 0 808 0 0 1 303 0 0 0 2 205 0 0 0 619 101 0 305 0 0 0 2 0 0 103 2 0 103 0 313 1 0 104 606 1213 0 0 0 204 0 
1 999030 309 1 0 2 0 0 611 0 0 0 707 202 0 0 0 0 0 0 103 204 102 1114 103 0 0 0 3 0 0 0 0 0 0 309 309 0 203 0 0 0 721 101 0 0 0 102 101 0 0 0 0 103 
