# Set that caught the target
# col1: Simulation number, col2: Update time, col3: Set type, col4: Chaser strategy for catching the target, col5 to col54: Set types chasing each target
0 2432 3 1 1 0 0 102 101 204 0 101 0 0 0 404 0 0 101 0 202 203 1 0 0 406 0 203 203 304 2 0 203 2 0 0 3 0 612 103 2 104 310 507 0 2 1 203 101 0 103 306 0 0 
0 5041 8 1 1 0 0 0 2 204 0 101 0 101 0 0 4 0 101 8 405 4 506 2 1 0 1 0 102 304 1 0 102 0 404 0 0 1 12 103 2 102 309 1 0 2 0 3 0 0 7 3 0 1 
0 15049 4 1 0 713 0 0 106 206 0 0 0 104 0 0 4 0 0 0 0 1 0 0 1 0 4 0 1 0 102 0 0 0 0 0 0 2 0 101 2 311 106 0 4 0 11 3 0 0 1 508 0 109 
0 15695 115 1 0 713 1 0 106 205 0 0 0 0 0 0 1 0 0 0 0 0 0 0 2 0 1 101 1 0 102 0 104 0 404 0 0 0 0 0 2 311 6 0 7 0 5 104 0 1 5 3 0 115 
0 16780 19 1 0 713 0 0 106 205 0 0 0 0 0 0 1 0 0 0 0 4 0 0 2 0 0 0 406 0 102 0 1 102 101 0 0 4 0 1 2 312 6 1 7 0 19 0 0 1 1 3 0 0 
0 17188 103 0 0 607 19 0 102 205 0 0 0 1 0 0 1 0 0 0 0 4 0 0 0 0 0 304 1 0 102 0 0 6 0 0 0 3 418 0 2 0 6 0 103 0 4 4 0 1 4 202 1 0 
0 24198 5 1 0 0 1 0 0 3 2 0 2 12 202 2 1 0 0 0 0 0 0 707 1 0 1 3 303 104 101 1 5 102 1313 0 909 4 0 2 2 0 0 0 0 0 404 101 1 1 0 606 4 0 
0 24276 6 1 101 0 1 0 0 205 1 0 2 12 0 2 0 0 909 0 404 0 4 707 1 1 1 104 303 104 0 6 1 102 1212 0 0 4 0 2 2 0 0 1 0 0 404 303 0 0 1 0 0 0 
0 31849 912 1 0 0 3 0 101 0 0 1 0 16 101 1 0 0 0 202 912 0 0 2 1 104 0 710 0 303 304 0 0 101 707 3 0 4 0 3 0 909 1 1 1 0 303 0 1 2 102 0 1 0 
0 36190 2 1 0 0 205 1 101 4 0 0 2 2 101 2 0 303 0 101 0 0 3 0 1 2 2 306 0 1212 104 202 0 101 202 0 0 4 0 6 0 0 0 0 15 0 101 708 0 2 3 4 0 0 
0 44413 6 1 0 101 0 1111 101 305 2 1 102 0 2 1 0 0 101 1 101 0 0 0 0 3 1 1 1 3 101 0 0 104 0 0 1013 6 0 10 0 0 4 1 9 303 0 1 101 0 3 1 0 205 
0 45853 104 0 101 1 101 1111 0 7 2 0 0 1 0 1 0 101 0 1 205 0 3 0 101 3 1 0 1 2 0 0 101 104 1 0 1114 8 202 10 0 0 0 1 3 0 0 0 2 0 2 6 0 103 
0 52877 2 1 0 0 0 1111 305 4 2 0 0 0 0 0 0 0 0 2 912 1 0 510 0 0 303 1 103 104 0 0 7 0 1 0 0 0 104 10 0 0 0 103 5 0 0 0 102 0 4 4 0 2 
0 52896 3 1 3 3 0 1115 305 4 2 0 0 0 0 0 0 0 0 102 912 1 0 0 1 0 405 1 1 104 0 0 7 0 0 0 0 9 0 10 1 0 0 1 5 0 0 0 103 0 0 4 0 1 
0 52939 1 1 3 0 0 4 1 4 2 0 0 0 0 0 0 0 0 102 912 0 0 6 1 0 304 1 102 104 1 0 7 0 0 0 0 3 2 10 1 0 305 0 5 0 0 0 103 0 1111 4 1 1 
0 52942 1 1 3 0 0 4 1 3 2 1 0 0 0 0 0 1 0 102 912 0 0 6 1 0 405 2 1 104 1 0 7 0 0 0 203 3 2 10 0 0 101 0 5 1 0 0 103 0 1111 4 1 0 
0 68805 5 1 102 0 1 5 2 0 5 0 0 2 0 0 101 0 7 0 419 0 0 0 0 2 405 0 1 206 4 1 204 102 0 0 205 0 0 7 0 0 0 0 0 1314 2 0 0 0 0 3 0 0 
0 70061 206 1 1 0 0 5 0 0 0 2 0 1 0 0 101 0 6 206 419 0 0 0 1 3 405 0 1 1 1 0 204 5 0 1 207 0 0 7 3 0 1 1 1 1314 1 0 0 0 101 0 1 0 
0 71010 10 1 108 0 0 5 0 0 0 10 0 1 1 0 101 1 0 0 419 0 0 0 0 3 101 0 304 0 0 0 205 5 0 1 0 0 0 7 4 0 1 0 1 1314 0 0 0 0 1 207 0 0 
0 74688 103 1 108 0 204 4 0 0 5 1 0 0 0 0 1 0 3 1 0 0 0 2 3 2 0 0 1515 4 0 0 307 8 0 2 0 0 1 2 416 3 0 0 0 103 3 0 101 0 0 0 1 0 
0 75194 2 1 108 0 207 4 0 0 5 1 0 0 0 0 0 0 0 2 0 1 0 2 0 2 0 0 18 6 0 0 307 8 0 2 0 8 0 2 311 101 0 0 2 0 1 0 102 0 0 0 0 0 
0 75465 5 1 108 0 206 4 0 0 5 1 0 0 0 0 1 5 1 7 2 0 0 0 1 1 0 0 18 0 4 0 307 8 1 2 0 0 0 2 0 2 0 0 5 0 7 0 102 0 0 0 0 0 
0 75915 5 1 108 0 206 4 0 0 4 1 0 0 0 0 0 2 1 5 0 1 0 0 2 0 14 0 3 4 4 0 306 8 0 1 0 1 4 4 2 8 0 0 0 0 3 0 104 0 0 0 0 0 
0 78354 13 1 102 0 214 3 1 0 209 1 0 6 0 0 107 3 2 1 0 1 0 0 1 0 14 0 4 0 0 0 102 13 2 1 0 0 1 2 0 1 0 0 5 0 2 0 0 0 2 0 0 0 
0 79160 214 0 0 0 214 3 0 0 211 1 0 0 0 0 0 3 2 1 0 1 0 0 1 2 1 0 0 0 1 0 118 0 3 1 0 108 3 1 0 0 0 0 5 0 15 0 105 0 0 0 0 0 
0 91196 4 1 2324 0 0 2 0 0 1 1 0 0 102 0 0 2 4 0 0 101 101 1 101 0 2 0 322 4 0 0 102 0 0 1 0 0 808 2 101 0 0 0 1 0 15 101 0 0 101 0 0 0 
0 99399 101 0 2021 1 0 318 0 0 3 6 0 0 0 0 505 6 0 0 0 0 0 4 102 0 0 101 8 0 0 0 0 0 0 808 0 0 4 1 1 0 0 101 5 0 1 101 101 102 0 0 0 0 
0 99953 216 1 0 1 0 216 0 0 15 0 0 0 0 0 506 0 0 0 0 0 0 106 102 2021 0 101 0 809 1 0 0 0 1 0 0 0 0 1 0 0 0 11 106 0 0 101 202 0 0 0 0 0 
0 101638 18 1 0 1 0 506 0 0 0 0 1 0 0 0 203 0 0 2020 0 404 0 18 2 0 4 101 0 0 0 0 0 0 0 303 0 0 0 1 1 0 0 14 106 0 12 0 0 1 0 0 202 0 
0 104125 23 1 0 1 0 2022 0 0 0 12 505 0 0 0 1 0 0 0 0 101 0 0 23 0 1 202 101 0 0 0 1 0 0 101 0 0 0 1 0 1 0 14 106 0 101 505 0 0 0 101 0 0 
0 105248 14 1 0 1 0 0 0 0 0 12 0 0 0 0 0 0 0 0 0 2 0 23 0 0 1 0 0 101 0 0 1 0 0 101 0 3132 0 0 1 1 0 14 106 101 0 0 202 0 0 101 0 0 
0 117171 808 0 101 1 0 1319 0 101 8 0 0 0 0 202 0 1 102 105 0 808 404 3 101 102 106 101 0 0 0 101 1 2 0 101 0 8 0 1 1 0 1 3 0 0 7 109 0 0 0 0 0 0 
0 127218 1 1 202 0 1 202 0 0 7 0 0 0 101 0 101 1 101 0 1313 0 101 0 7 808 1111 0 0 101 0 101 1 0 0 101 1414 0 0 0 0 0 0 202 10 203 0 0 101 1 707 2 0 0 
0 127219 2 1 202 0 0 202 0 0 7 1 0 0 101 0 101 1 101 0 1313 0 101 0 6 808 1111 0 0 2 0 101 1 0 0 101 2020 0 0 0 0 0 0 202 10 203 0 0 101 1 101 2 0 0 
0 127222 9 1 202 0 0 202 0 0 7 0 0 0 202 101 101 1 101 0 1313 0 101 0 9 808 1111 0 0 0 0 101 1 0 0 0 1616 0 0 0 0 0 0 202 10 203 0 0 0 1 505 2 0 0 
0 127285 7 1 202 0 0 0 0 0 7 7 0 0 101 303 101 1 101 0 1313 0 101 2 0 808 1111 0 0 0 0 101 1 0 0 101 2020 0 0 0 0 0 0 202 10 203 0 0 0 1 0 2 0 101 
0 127387 9 1 202 0 0 0 0 0 4 0 101 0 202 303 101 1 101 0 1313 0 101 9 0 808 1111 0 0 0 0 0 1 0 0 0 2020 0 0 0 0 0 0 202 10 203 3 0 0 1 0 2 0 101 
0 146495 101 0 0 1 0 0 101 0 0 606 0 0 1 0 106 111 1 101 2326 1 0 0 1010 101 102 0 101 0 101 0 202 404 0 0 202 0 0 0 404 101 0 103 0 0 404 0 0 107 101 1 0 101 
0 146498 101 0 0 101 0 101 0 0 0 606 0 0 1 0 106 1111 1 101 2326 1 0 0 1010 101 204 0 0 0 101 0 202 404 0 0 202 0 0 0 404 101 0 204 0 0 404 0 0 5 101 1 0 101 
0 146540 202 0 0 0 0 0 0 0 202 606 0 0 1 0 106 1111 1 101 2326 1 0 0 1111 101 0 0 0 0 101 0 202 0 0 1 202 0 0 0 404 202 0 103 5 0 404 0 202 204 101 0 0 202 
0 156379 607 0 202 0 1 0 202 0 0 303 101 0 1 0 105 1212 1 0 0 1 0 101 305 0 103 0 707 0 0 101 101 0 101 1 101 1 202 0 0 101 2223 0 104 0 0 607 909 2 101 0 0 0 
0 162148 203 0 404 0 106 0 202 0 0 101 203 0 0 0 405 0 101 0 0 303 708 0 0 0 0 0 0 0 0 0 607 101 202 707 101 1013 0 0 0 0 203 509 102 0 0 202 404 2 0 909 505 0 
0 164115 1111 0 404 101 106 0 202 0 0 202 0 0 1111 0 303 0 101 0 1 404 0 0 101 0 607 0 0 202 0 202 505 0 202 0 101 1313 0 0 0 0 0 101 509 0 0 101 404 3 0 909 505 0 
0 186788 202 0 2020 101 101 1 101 0 101 0 0 0 0 101 102 0 606 4 207 102 0 0 202 707 0 0 101 0 0 1414 0 607 0 101 0 0 0 0 0 0 1010 101 0 0 0 0 404 1 101 202 0 202 
0 186926 303 0 2121 101 101 0 101 101 101 0 0 0 0 101 102 101 606 4 106 102 0 0 202 303 0 303 505 0 0 1414 0 607 101 101 0 0 0 0 202 0 808 0 101 0 0 0 404 1 0 0 0 0 
0 186939 303 0 2121 101 101 0 101 101 101 0 0 0 303 101 102 101 707 4 106 102 0 0 202 303 0 0 505 0 0 1414 0 607 0 101 0 0 0 0 404 0 606 101 0 0 0 0 404 1 0 0 0 0 
0 226351 202 0 0 0 1 103 0 0 707 0 1 101 202 0 0 909 1 606 0 0 0 2021 101 102 0 404 808 0 101 0 0 404 202 0 202 0 0 0 101 0 0 103 0 808 101 0 101 104 0 0 101 405 
0 226788 1012 0 0 0 203 103 606 0 1 0 1 101 1415 0 202 909 1 303 0 1012 0 707 101 102 0 404 0 0 101 909 0 707 0 0 607 0 0 101 0 0 0 103 0 0 0 0 0 0 0 101 0 0 
0 244459 101 0 1616 0 1010 707 0 1 0 202 0 1213 0 0 0 0 909 707 0 102 0 303 204 0 0 0 0 202 0 0 0 0 0 101 0 101 0 202 707 101 0 0 505 0 203 0 0 0 101 101 101 1 
0 251185 2525 0 0 204 101 0 0 505 0 707 101 2525 0 0 0 0 101 101 0 305 0 303 101 101 203 505 0 101 707 0 0 101 0 0 606 101 101 202 0 0 0 0 0 0 1313 101 0 0 101 101 0 102 
0 258246 101 0 0 0 0 1212 0 101 101 0 0 506 707 202 0 0 404 202 0 202 0 101 1517 1111 101 0 0 103 0 202 0 202 0 101 0 101 101 101 0 101 0 0 101 0 101 101 0 1010 202 101 202 303 
0 259713 101 0 0 0 101 0 0 101 0 1111 0 506 0 202 0 101 303 0 0 101 101 0 101 1111 0 0 3030 103 0 202 0 202 0 101 0 0 0 101 0 0 0 0 101 101 101 103 0 202 707 101 202 404 
0 259714 202 0 0 0 101 0 0 101 0 1111 0 506 0 202 0 202 303 0 0 0 101 0 101 1111 0 101 2929 103 0 202 0 202 0 101 0 0 0 101 0 0 0 0 101 101 101 303 0 202 707 101 202 404 
0 264641 101 0 1111 0 102 505 101 0 0 404 101 606 808 202 404 303 202 303 0 0 0 404 0 101 0 101 0 1 202 203 0 202 0 303 101 0 101 101 0 303 0 0 0 0 1111 101 0 0 505 101 707 0 
0 290924 1212 0 202 0 0 303 303 101 0 0 1717 202 303 101 0 0 0 0 0 0 101 101 0 404 1212 0 0 101 0 102 0 0 0 101 101 0 0 404 606 0 0 101 101 0 0 101 101 0 2222 808 0 1 
0 290954 101 0 0 0 0 101 0 0 0 0 0 202 202 101 0 0 0 303 0 0 101 101 0 404 0 0 0 202 0 102 0 0 0 0 101 101 0 404 707 202 0 0 101 2020 909 0 101 0 2424 909 0 102 
0 290957 101 0 101 0 0 101 0 0 0 0 0 202 202 0 0 0 0 303 0 101 101 101 0 404 0 0 0 202 0 102 0 0 0 0 101 0 0 404 707 303 0 101 101 2020 808 101 101 0 2323 909 0 1 
0 290962 101 0 0 0 0 0 0 0 0 0 0 202 202 0 0 0 0 707 0 202 101 101 0 505 0 0 0 101 0 102 0 0 0 101 101 0 0 404 707 101 0 101 101 2020 707 0 101 0 2323 909 0 1 
0 290991 1010 0 0 0 0 0 0 0 0 0 0 202 202 0 0 0 0 1010 0 404 101 101 0 404 0 0 0 202 0 102 0 0 0 101 101 0 0 404 606 0 0 101 101 2020 505 101 101 0 2121 909 0 1 
0 313610 1011 0 0 0 0 1616 0 0 0 0 1 101 1011 0 1212 101 0 101 0 0 707 1616 0 0 0 0 0 0 101 101 0 0 0 505 0 0 0 0 303 0 0 606 505 0 0 0 707 0 303 101 202 0 
0 331017 101 0 0 0 0 101 101 0 0 606 606 0 0 101 808 202 101 0 0 0 0 1010 0 101 0 0 101 101 1818 101 0 202 0 202 202 303 0 0 505 101 101 202 0 303 506 101 1212 101 0 0 101 0 
0 395981 3434 0 0 0 3434 505 202 0 909 1414 101 101 101 0 1 101 0 404 0 0 202 0 0 0 101 0 0 0 0 0 0 0 0 0 101 0 0 0 707 0 505 0 404 0 0 0 101 0 0 606 0 0 
0 434843 101 0 0 0 0 0 1717 101 3838 606 0 0 0 0 0 0 0 0 0 505 101 0 0 909 1 0 0 101 0 0 0 101 0 0 101 505 0 0 0 0 404 0 0 0 0 0 202 202 0 404 101 101 
0 435167 606 0 101 2020 0 0 0 0 3838 606 0 0 0 0 0 0 0 0 0 505 102 0 0 909 0 101 0 0 0 0 0 101 0 0 606 0 101 0 0 0 0 303 101 0 0 0 101 0 0 404 101 0 
0 469988 101 0 0 0 4949 0 0 0 0 0 0 0 0 0 0 0 101 0 0 0 404 0 0 101 101 0 101 0 0 0 0 1616 303 101 0 0 0 101 0 202 0 0 0 101 0 0 0 707 707 0 405 0 
0 470018 1818 0 0 0 4949 1818 0 101 0 0 101 0 0 0 0 0 0 0 0 0 404 0 0 101 101 202 0 0 0 0 0 505 303 101 0 0 0 101 0 101 0 0 0 0 0 0 0 0 707 0 405 0 
0 470023 808 0 0 0 4949 0 202 101 0 0 0 0 0 0 0 0 0 0 0 0 505 0 0 101 0 101 101 0 0 808 0 1111 303 101 0 0 0 101 0 101 101 0 0 0 0 0 0 202 707 0 405 0 
0 470025 606 0 202 0 4949 0 101 0 0 0 0 0 0 0 0 606 0 0 0 0 505 0 0 101 0 0 101 0 0 202 0 1111 303 101 0 0 0 101 0 0 0 0 0 0 0 202 0 303 707 0 405 0 
0 470027 303 0 505 0 4949 0 101 0 0 0 0 0 0 0 0 0 0 0 0 0 404 0 0 101 101 101 101 0 0 202 303 1111 303 101 0 0 0 101 0 0 0 0 0 0 0 101 0 303 707 0 405 0 
0 470027 101 0 505 0 4949 0 101 0 0 0 0 0 0 0 0 0 0 0 0 0 404 0 0 101 101 101 101 0 0 202 303 1111 303 101 0 0 0 101 0 0 0 0 0 0 0 101 0 303 707 0 405 0 
0 516968 202 0 0 0 0 0 202 0 0 0 0 0 0 0 101 0 0 0 808 101 303 0 2020 0 909 202 202 202 101 0 0 0 101 101 0 0 0 2222 101 1112 0 0 0 303 0 101 505 303 0 0 0 0 
0 516971 202 0 0 0 0 0 202 0 0 202 0 0 0 0 0 0 0 0 808 101 505 0 2020 0 909 0 202 202 101 0 0 0 101 101 0 0 101 2020 101 1212 0 0 0 303 0 101 505 303 0 0 0 0 
0 516996 808 0 0 0 0 0 101 404 0 0 0 0 0 0 0 0 0 202 909 202 101 0 2020 0 909 0 202 101 101 0 0 0 101 101 0 0 0 2424 0 808 0 0 0 303 101 101 505 303 0 101 0 0 
0 524084 303 0 0 0 0 2323 0 0 2121 101 303 0 0 0 202 0 0 0 0 0 0 0 0 404 101 0 202 101 101 0 0 0 101 202 0 0 0 2222 0 1414 0 0 0 0 101 101 0 0 0 0 0 0 
0 542322 101 0 101 0 0 707 0 606 202 0 0 0 303 505 707 0 0 0 0 202 0 0 0 0 0 1616 0 101 202 0 0 0 0 303 0 0 0 0 303 101 3333 101 0 101 0 101 0 101 101 0 303 0 
0 574292 707 0 404 303 0 707 0 0 1111 101 707 101 0 202 0 0 0 0 0 202 0 0 1212 1212 303 0 0 303 1010 0 0 0 101 0 0 0 101 0 101 0 101 0 0 0 1717 0 0 0 0 0 101 0 
0 574349 909 0 404 303 0 707 0 0 1111 0 0 101 0 202 0 0 0 0 0 0 0 0 0 1212 0 0 909 303 505 202 0 404 101 0 1313 0 0 0 0 0 101 101 0 0 1717 0 101 101 0 101 101 0 
0 627491 404 0 606 202 0 303 0 0 404 404 0 1414 303 0 101 0 404 404 0 0 404 101 0 0 101 101 0 101 0 606 101 303 101 303 404 0 0 0 101 101 303 0 0 0 0 1010 202 404 404 101 0 303 
0 627493 303 0 606 101 0 303 0 0 303 404 0 1414 404 202 101 0 404 303 0 0 404 101 0 0 0 0 404 101 0 0 101 101 101 303 404 0 0 0 101 101 303 0 0 0 0 1010 202 404 909 101 101 303 
0 627503 101 0 404 101 0 303 0 0 404 404 0 1212 404 0 101 0 404 303 0 0 404 101 0 0 0 0 0 101 303 0 303 303 101 202 303 0 0 0 101 101 404 0 0 0 0 1010 505 404 909 101 101 303 
0 627582 202 0 404 101 101 303 0 0 909 404 0 1515 202 303 101 202 404 303 0 101 404 0 1010 0 0 101 0 101 101 0 0 202 101 202 0 0 0 0 101 101 202 0 0 0 0 0 505 404 909 0 0 303 
0 627642 303 0 404 101 303 303 0 0 909 404 0 1515 202 101 0 606 404 202 0 0 404 0 0 0 0 0 202 101 101 101 0 303 101 202 0 0 1010 0 101 0 0 0 0 0 0 0 101 404 909 202 101 303 
0 677080 101 0 0 0 0 808 101 101 505 404 0 101 101 0 0 202 202 0 2222 0 0 101 0 505 0 0 101 101 0 101 202 202 606 101 0 101 0 0 1010 0 0 0 505 0 202 1111 0 202 0 0 0 202 
0 677166 101 0 0 0 101 808 0 101 505 1414 0 101 0 101 0 101 303 0 2020 0 0 101 101 0 0 505 101 101 0 0 0 101 606 101 101 0 0 0 1313 202 0 0 0 0 202 101 0 202 0 101 505 101 
0 677187 101 0 0 0 101 808 0 101 505 1414 0 101 0 0 101 101 303 202 1919 0 0 101 0 0 101 303 0 101 0 0 0 0 606 101 101 101 0 101 1212 303 0 0 0 101 202 101 0 202 0 202 404 101 
0 677222 202 0 0 101 101 808 0 101 505 1111 0 101 202 0 0 101 606 202 1919 0 0 101 101 303 0 303 0 101 0 0 0 0 606 101 101 101 0 202 1212 303 101 0 0 0 202 0 0 202 0 0 202 0 
0 677365 1010 0 0 0 101 808 0 101 505 505 101 101 0 101 1010 101 101 0 2020 0 0 101 404 0 0 808 0 101 0 101 0 0 606 101 101 0 0 0 1212 202 0 0 202 0 202 0 0 202 0 0 0 202 
0 677367 1111 0 0 0 101 808 0 101 505 505 0 101 0 101 202 101 1111 0 2020 0 101 101 404 0 0 808 0 101 0 101 0 0 404 101 101 0 0 0 1212 202 0 101 202 0 202 0 0 202 0 0 0 101 
0 681253 2222 0 606 404 202 303 0 0 101 1515 0 0 0 101 0 101 0 0 2121 0 101 101 303 0 0 101 404 101 101 0 0 0 404 0 101 0 303 0 0 0 2222 0 0 0 101 0 0 303 0 0 0 0 
0 681254 3434 0 606 404 101 303 0 0 101 3434 0 0 0 101 0 101 0 0 2121 0 0 101 303 0 0 101 404 101 101 0 0 0 404 0 101 0 303 0 0 101 0 0 0 0 101 0 0 303 0 101 0 303 
0 700709 606 0 0 303 505 0 0 101 0 0 0 0 101 101 202 0 404 0 202 0 0 0 101 0 0 101 303 3131 0 101 0 101 0 0 606 101 0 0 505 2222 202 101 0 101 101 0 0 101 0 0 0 303 
0 700722 101 0 404 303 101 0 0 101 0 0 404 0 101 101 202 0 404 0 202 0 0 0 101 0 0 101 404 0 0 101 202 0 0 0 0 101 0 0 101 2222 707 0 0 101 101 0 0 101 0 0 0 3434 
0 710864 202 0 0 4646 202 0 0 0 0 0 101 0 0 0 0 0 404 0 0 0 0 0 0 101 202 0 101 404 0 0 202 101 0 0 0 202 303 101 808 303 0 0 202 101 909 101 0 202 0 303 101 0 
0 733456 303 0 3535 0 0 0 0 0 101 0 0 303 0 0 0 0 0 0 0 303 303 0 0 101 303 0 2323 101 0 0 0 0 0 0 202 0 0 303 101 0 101 0 0 0 404 0 808 0 0 0 808 0 
0 759762 101 0 0 202 101 0 0 0 0 101 0 101 0 0 2020 101 0 0 0 303 101 0 101 101 101 0 0 0 0 0 0 0 0 303 101 2121 0 0 0 0 202 101 0 0 0 0 0 0 0 2626 0 1313 
0 759829 101 0 0 0 0 202 0 0 0 101 0 1919 0 0 2020 101 0 0 0 606 0 0 101 101 0 0 0 101 0 0 0 202 0 303 0 0 0 0 101 0 202 101 101 101 0 101 0 0 0 2323 0 1313 
0 759830 101 0 0 0 0 202 0 0 0 101 0 1818 101 0 2020 101 0 0 0 606 0 0 101 101 0 0 0 101 0 0 0 303 0 303 0 0 0 0 101 0 202 101 101 101 0 0 0 0 0 2323 0 1313 
0 759867 303 0 0 101 101 101 0 0 0 0 0 101 0 0 2020 101 0 0 0 1010 0 0 101 101 0 0 0 101 0 0 0 2020 0 303 0 303 0 0 101 0 202 101 0 0 0 0 0 0 0 1919 0 1313 
0 764021 1919 0 202 101 0 0 0 0 0 0 101 1818 101 707 101 202 0 202 0 0 0 0 101 101 0 101 202 0 0 1919 101 0 0 2222 101 101 0 0 0 0 101 101 101 0 0 0 1212 0 0 0 0 101 
0 764048 505 0 0 101 0 0 0 1616 0 0 101 1818 0 707 101 202 0 101 0 0 0 0 101 101 101 101 0 0 0 0 101 505 0 2222 0 101 0 0 0 0 101 101 101 0 0 0 1212 0 404 0 0 101 
0 882520 202 0 0 0 0 0 0 101 101 0 0 101 202 0 0 202 0 606 101 1010 202 404 0 0 0 0 101 101 505 101 101 0 707 101 101 0 101 0 303 2929 0 0 404 101 808 101 101 202 101 0 0 101 
0 882531 202 0 101 0 0 0 0 101 101 0 0 101 707 0 101 202 0 606 101 1010 202 404 0 0 101 0 101 101 404 202 101 101 0 202 101 0 0 0 303 2929 0 0 404 101 808 101 101 202 0 0 0 0 
0 882539 202 0 0 0 0 0 101 101 0 0 0 101 707 0 202 202 0 606 101 1010 202 0 0 0 101 202 101 101 202 101 101 101 0 202 101 0 0 0 303 2929 0 303 505 101 808 101 101 202 0 101 0 0 
0 903856 2828 0 0 0 101 0 202 101 101 101 808 101 0 0 0 0 202 0 101 0 0 0 0 0 303 0 0 0 0 101 0 1111 0 2525 0 0 404 0 0 0 606 2828 202 0 101 101 0 0 0 0 0 0 
0 984216 202 0 0 707 0 0 1414 0 0 202 0 0 0 101 0 0 202 0 0 0 101 0 505 0 0 202 0 0 101 404 0 808 1616 0 101 101 202 0 505 505 101 0 1414 0 0 0 0 0 101 101 0 606 
0 993864 303 0 101 101 0 404 101 1212 0 0 202 202 0 101 0 0 0 0 101 404 3737 101 303 0 202 0 0 101 0 0 0 0 0 0 101 707 0 202 0 0 101 0 0 0 0 0 202 505 0 505 202 202 
0 993866 303 0 101 101 0 404 303 1212 0 0 202 101 0 101 0 0 0 0 101 1111 3737 101 202 0 202 0 0 0 0 0 0 101 0 0 101 0 0 101 0 0 101 0 0 0 0 101 202 505 0 505 202 202 
1 1952 105 1 204 105 202 0 1 507 1 0 103 101 104 710 0 0 0 0 0 2 303 0 0 1 203 1 105 1 0 0 0 0 1 0 203 204 203 103 409 304 0 1 102 101 203 101 102 1 1 0 405 2 
1 3039 4 1 203 10 102 0 1 506 0 0 103 304 0 1 102 0 1 101 0 4 306 0 0 1 1 0 105 2 4 101 0 0 1 0 102 0 203 204 11 0 0 0 4 1 101 0 0 407 0 0 406 2 
1 5121 11 1 7 408 204 1 1 506 0 408 3 405 0 0 101 2 0 101 0 0 304 0 203 0 2 0 0 2 1 102 0 102 0 0 102 0 0 2 11 1 0 0 6 0 0 101 2 0 0 0 8 4 
1 5212 2 1 7 311 103 1 1 506 0 408 2 0 5 0 0 2 0 101 0 1 304 0 204 0 2 0 0 1 12 2 1 102 0 1 101 0 0 2 0 0 0 0 0 0 405 2 3 0 0 0 5 5 
1 5955 310 1 7 310 0 1 1 506 305 102 1 0 2 0 0 8 0 0 0 2 1 0 307 2 0 203 106 2 7 2 1 1 0 203 0 0 0 0 0 1 1 0 0 0 405 3 4 102 0 0 4 0 
1 6614 4 1 7 0 0 0 1 506 1 207 1 0 3 0 0 6 0 0 0 2 1 0 203 2 304 205 0 3 7 2 0 0 102 202 0 1 2 2 0 0 0 0 1 0 405 4 3 101 0 0 14 2 
1 12171 8 1 1 0 1 0 1 0 104 209 0 0 101 1 0 107 0 101 0 1 0 101 6 2 0 102 0 6 3 9 0 102 0 0 0 4 0 0 0 0 1 0 104 0 911 8 1 0 0 0 13 0 
1 12175 9 1 9 0 2 0 1 0 104 209 0 0 0 1 1 107 0 101 0 1 0 0 5 2 0 102 0 6 3 9 0 102 0 101 0 4 0 0 0 0 0 0 105 0 911 0 1 0 0 0 13 0 
1 15623 3 1 2 0 6 1 1 101 3 306 1 0 0 0 3 3 0 202 0 1 1 0 0 114 0 103 1 2 4 15 101 102 1 0 0 2 0 1 0 0 0 0 0 101 5 707 3 0 0 0 7 0 
1 15761 4 1 2 0 1 1 1 101 3 307 1 0 0 0 4 3 0 101 0 0 1 0 5 114 0 204 102 5 4 15 101 102 1 0 0 2 0 0 0 0 0 0 0 0 4 707 1 0 0 0 7 0 
1 19387 4 1 1 0 0 0 1 917 0 0 0 0 0 0 0 1 0 205 104 0 3 0 4 114 1 203 0 7 5 0 0 0 0 0 0 0 0 3 0 0 4 0 0 1 0 0 0 1 0 0 224 101 
1 27416 623 0 0 0 1 0 0 211 1 102 0 101 107 0 101 1 0 0 0 0 2 2 0 0 2 0 0 7 0 0 0 4 4 623 0 0 0 6 0 1 0 0 0 0 312 206 2 2 0 0 0 102 
1 41927 203 1 0 0 2 0 0 413 10 0 0 0 423 0 0 0 0 1515 0 0 0 0 0 404 2 0 608 0 0 0 0 0 0 1 0 1 1 1 0 203 2 0 0 0 607 6 0 0 0 0 0 1 
1 43163 104 1 0 0 0 0 0 0 6 104 0 3 422 1 0 0 0 606 0 0 4 1 0 1818 2 0 8 0 0 0 0 2 1 0 0 1 3 0 101 0 0 0 0 1 1 0 315 0 0 0 0 0 
1 43526 1 1 0 0 0 0 0 11 6 0 0 2 419 0 2 0 0 2525 0 1 4 0 1 0 2 0 8 1 4 1 0 5 0 0 0 1 2 0 0 0 0 0 0 0 1 1 1 1 0 0 0 1 
1 43571 4 1 0 0 3 0 0 11 7 0 0 3 419 0 2 0 0 2424 0 1 3 0 0 0 2 101 8 1 4 0 0 5 0 0 1 1 0 0 0 0 0 0 0 1 1 2 0 0 0 0 0 0 
1 43581 6 1 0 0 3 0 0 12 7 0 0 3 418 0 1 0 0 1414 0 0 3 0 0 0 2 202 8 1 910 1 0 6 0 0 0 1 0 0 0 0 0 0 1 0 0 6 0 0 0 0 0 1 
1 44791 17 1 0 0 0 0 0 17 10 0 0 0 414 0 2 0 0 1717 2 0 0 0 0 0 2 101 10 0 607 1 0 0 0 0 0 1 0 1 0 0 10 1 0 0 0 0 101 1 0 1 0 1 
1 44925 19 1 0 0 0 0 0 0 10 0 0 0 414 0 19 0 0 1313 0 1 0 0 0 0 2 505 0 0 506 1 0 0 0 0 0 1 0 1 0 0 10 1 2 0 101 0 101 11 0 0 0 1 
1 51609 419 1 0 1 0 1 606 202 10 202 0 3 419 0 10 0 106 101 0 1 9 1 0 0 1 1010 2 1 101 102 0 0 2 1 0 1 0 0 0 0 2 0 0 0 101 0 0 1 0 0 1 2 
1 58718 5 1 0 0 0 0 101 2 13 0 0 5 5 0 7 0 0 505 0 1 7 0 0 505 1 404 12 1 102 0 102 6 2 0 0 0 0 0 101 202 0 0 0 0 404 0 0 8 1 0 101 2 
1 73731 9 1 4 101 1 0 1 0 0 310 0 0 2 0 0 0 0 406 203 110 2 0 1 0 6 0 0 9 6 412 0 0 0 0 0 0 0 0 404 204 0 0 0 2 0 1 1 204 105 0 104 1 
1 74664 6 1 4 0 1 0 204 0 1 0 0 311 3 0 0 0 0 203 0 0 0 0 1 0 6 1 0 0 6 412 0 0 4 0 0 0 2 2 404 205 101 0 0 2 0 1 110 204 307 0 104 1 
1 83672 105 1 0 0 1 0 2 0 110 1 0 1 0 0 0 0 0 1 1 208 0 0 0 0 6 1 0 204 1 0 0 0 2 0 0 0 6 316 0 210 505 0 101 2 0 0 0 0 512 0 105 4 
1 84305 101 0 208 0 1 0 1 0 8 0 505 1 512 0 0 0 0 1 4 0 0 0 0 103 6 1 0 204 2 101 0 0 2 0 0 0 6 0 0 202 0 0 101 7 0 215 5 0 0 0 0 4 
1 93635 7 1 202 0 2 101 0 0 2 2 0 101 508 0 0 0 0 0 0 0 5 405 3 102 5 0 1 102 4 0 0 0 1111 0 0 0 5 102 0 0 0 0 101 4 0 606 205 106 7 0 1 7 
1 93979 4 1 0 0 2 0 0 0 6 2 0 606 8 102 102 0 0 7 0 202 0 303 3 0 5 0 1 102 4 0 0 0 1111 0 101 0 5 102 0 101 0 0 0 4 0 101 205 106 1 0 1 7 
1 98328 4 1 202 0 2 0 0 0 104 7 0 505 9 0 0 0 0 3 0 2 205 0 0 0 3 101 4 101 5 1 0 0 1111 0 1 0 0 102 0 0 0 0 101 2 0 202 202 106 1 101 6 11 
1 106519 103 0 0 0 0 0 0 0 0 0 0 505 7 2 103 0 0 4 0 102 0 616 6 2 209 0 0 2 107 0 0 0 909 0 1 0 0 304 0 0 3 0 101 4 0 101 0 105 2 0 0 5 
1 113348 216 1 103 0 202 0 0 0 0 0 101 1415 2 1 1 101 0 0 0 0 0 102 7 108 0 0 0 0 5 0 408 1 0 0 107 0 0 105 1 0 0 2 0 4 0 0 0 408 216 0 0 0 
1 114327 9 1 2 0 101 0 106 0 0 0 102 1313 11 102 8 0 0 1 0 0 0 102 0 9 12 0 0 0 0 0 0 0 0 0 202 307 0 106 0 0 0 1 0 4 0 101 0 408 2 0 0 0 
1 120054 102 1 6 0 0 0 0 0 0 0 102 101 101 11 5 0 0 1 618 0 0 102 17 2 0 0 0 0 0 0 0 0 1314 0 0 0 0 105 0 0 101 1 0 4 0 0 0 409 0 0 0 0 
1 121206 4 1 404 1 0 0 0 1 4 0 2 0 0 118 0 0 3 9 8 0 0 1 10 3 1 105 0 0 0 0 0 2 1213 0 0 0 0 0 4 101 0 0 0 2 104 202 1 0 0 101 0 0 
1 122044 9 1 0 0 0 4 8 0 0 0 2 0 15 4 0 1 0 9 0 0 0 5 8 2 101 0 101 0 0 0 0 205 1314 0 7 0 0 101 1 1 0 0 0 1 508 0 0 0 0 1 1 0 
1 131216 204 1 0 0 0 3 0 101 1 7 7 1 2 101 0 1 0 1 1 2 3 5 2 1 0 2 204 1 0 0 0 0 0 112 2 0 0 2 1 101 1 0 110 0 0 1215 0 2 1 0 406 1 
1 131374 2 1 0 0 0 0 0 102 0 7 7 4 2 9 2 1 0 2 0 2 0 5 2 1 3 0 5 0 0 0 0 0 2 112 2 1 0 3 1 101 1 0 111 0 0 3 0 1 1 0 407 0 
1 131377 4 1 0 0 0 0 0 102 2 7 7 4 2 11 3 2 0 2 0 2 0 5 2 1 3 0 5 0 0 0 0 0 1 111 2 0 0 3 1 101 0 0 109 0 0 3 0 1 1 1 406 0 
1 131455 16 1 0 0 0 0 101 102 111 7 7 0 2 3 0 2 0 0 1 2 3 5 1 1 16 0 5 0 0 0 0 0 1 111 2 0 0 3 1 0 0 1 0 0 0 3 0 2 1 1 405 0 
1 132682 5 1 0 1 0 0 0 406 112 5 6 0 2 5 0 0 0 0 0 0 2 5 0 1 2 1 2 0 0 0 0 0 1 111 2 1 0 0 1 101 0 2 0 0 0 21 2 3 1 0 104 0 
1 133326 13 1 2 0 0 1 0 2 1 0 7 0 1 13 0 102 0 0 0 0 0 2 3 1 2 0 1 0 0 0 101 1 1 116 1 0 0 0 1 0 1 9 111 0 0 11 0 2 1 0 0 406 
1 137590 3 1 0 0 0 0 0 103 101 2 0 0 3 5 0 306 3 0 0 0 0 2 0 1 1 1 9 1 0 0 0 0 1 116 1 101 0 0 2 0 0 0 0 0 1 32 3 4 0 0 101 0 
1 139487 3 1 0 1 0 0 3 2 103 0 2 0 0 7 0 6 4 3 0 0 0 1 0 1 3 0 8 4 0 0 0 0 1 114 3 0 0 1 2 1 0 0 0 0 3 24 0 1 0 0 1 1 
1 141114 9 1 0 1 3 0 1 2 104 0 2 0 0 9 0 0 26 0 0 0 0 5 0 1 2 0 8 1 0 1 0 0 1 4 7 0 0 0 1 3 0 0 0 3 109 1 0 0 0 0 1 4 
1 143769 23 1 0 1 2 0 0 0 105 0 2 0 0 6 0 2 6 1 3 1 0 6 1 1 6 1 0 0 0 0 6 1 1 7 0 0 0 0 1 3 0 0 0 0 106 23 0 0 1 0 7 0 
1 144951 6 1 0 1 2 3 0 0 0 0 0 0 0 6 1 2 0 0 13 6 1 2 1 2 111 1 0 4 0 0 0 0 1 7 0 3 0 0 0 0 0 0 1 0 106 5 0 1 0 0 13 7 
1 145371 13 1 0 1 2 3 0 0 6 0 0 0 0 0 2 2 0 0 0 13 0 1 1 2 105 1 0 3 0 0 0 0 1 7 0 2 0 0 0 1 0 1 1 5 106 6 2 0 0 0 13 13 
1 146414 19 1 0 1 1 0 0 0 3 0 1 0 0 1 2 8 0 0 19 2 0 1 1 2 107 3 1 1 0 0 0 1 1 7 0 0 0 0 0 0 0 1 1 5 106 9 2 0 0 0 0 13 
1 147549 1 1 0 1 2 2 0 0 106 0 0 0 1 3 1 9 0 0 0 2 0 1 0 2 7 3 0 1 0 0 0 1 1 7 0 0 0 0 0 0 0 0 1 2 104 9 2 0 0 0 1 31 
1 149287 2 1 0 0 2 2 0 0 0 0 1 0 1 0 2 9 0 0 0 1 0 1 0 1 109 2 5 3 0 1 9 0 1 7 0 0 0 0 0 0 0 0 1 5 103 0 3 0 0 0 1 30 
1 154082 24 1 0 1 0 0 0 0 110 0 0 0 1 4 4 0 0 0 0 0 0 0 1 6 0 2 6 1 0 0 0 3 0 0 0 0 0 0 102 0 0 0 1 10 0 1 0 0 2 11 24 10 
1 158292 25 1 1 102 4 5 0 1 111 0 0 0 1 2 0 12 0 0 1 1 0 0 0 6 1 2 0 0 6 0 0 3 0 0 0 0 0 0 1 0 1 0 1 4 0 0 1 0 2 25 0 6 
1 160500 18 1 0 0 4 3 0 1 102 0 1 0 0 3 1 18 0 0 3 0 0 0 0 1 1 1 0 2 8 1 0 2 0 8 0 0 25 0 102 0 1 0 1 2 0 0 0 0 9 0 0 0 
1 163253 9 1 16 0 8 4 0 0 2 0 5 0 0 0 0 0 0 0 1 1 0 0 0 1 1 8 1 2 0 1 1 1 0 11 0 1 1 0 0 0 3 0 1 19 0 0 0 0 9 0 0 102 
1 163750 19 1 0 1 8 4 0 0 2 0 5 0 0 1 0 0 0 3 9 1 1 0 0 1 1 0 0 1 0 1 0 2 0 11 0 0 0 0 6 0 1 0 1 19 0 0 1 0 19 0 0 1 
1 167825 5 1 0 0 7 4 1 10 3 0 9 0 0 1 5 0 2 0 0 0 0 0 0 0 1 0 0 0 0 6 0 3 0 13 0 0 0 2 0 0 0 0 20 0 0 0 0 5 7 0 0 1 
1 168377 17 1 0 0 7 0 1 0 3 4 4 0 0 1 0 0 0 0 5 0 0 0 0 0 1 6 0 0 3 7 0 3 0 13 1 0 0 1 1 0 1 0 20 0 0 0 1 17 0 0 0 0 
1 170396 3 1 0 0 8 0 0 0 2 0 0 0 0 1 0 0 0 0 3 0 0 0 0 1 1 4 0 3 10 7 3 1 0 11 0 0 1 1 0 0 1 3 20 0 0 0 0 3 2 11 3 0 
1 173388 12 1 0 0 5 0 0 2 1 3 0 0 0 1 2 0 0 0 13 4 0 0 1 0 1 1 0 1 2 9 0 0 1 9 0 0 0 0 1 0 2 1 20 1 2 0 1 3 0 0 1 12 
1 174290 17 1 5 0 17 2 0 0 1 0 2 0 0 1 0 0 0 0 13 3 0 0 0 6 0 1 0 1 0 9 1 1 0 4 0 0 0 1 0 1 2 0 2 0 4 0 0 2 0 17 0 4 
1 176116 21 1 4 0 7 0 0 1 1 0 0 0 1 4 0 0 0 0 6 3 0 0 1 8 0 2 0 1 0 9 1 1 1 4 0 2 0 0 0 0 2 0 15 0 21 0 0 0 0 0 4 1 
1 176926 18 1 0 2 8 0 0 1 1 0 0 0 1 5 0 0 2 0 5 4 0 0 0 0 0 0 0 1 0 12 0 0 0 10 0 2 0 0 10 0 4 0 18 0 3 0 1 8 0 1 1 0 
1 178284 12 1 6 2 11 0 0 13 1 0 0 0 3 3 1 1 3 0 0 3 0 0 0 8 0 1 0 1 0 12 0 0 0 10 0 0 1 0 10 0 4 0 0 0 3 0 0 0 0 1 1 1 
1 187333 2 1 0 0 0 1 2 5 0 0 0 0 0 0 0 1 0 0 0 2 0 30 0 7 0 0 1 1 12 6 2 0 0 0 0 3 0 0 4 0 1 0 0 1 4 0 1 2 0 1 2 11 
1 190630 9 1 2 1 0 0 0 0 1 0 0 0 0 1 0 0 0 0 0 1 0 17 1 9 2 0 0 0 17 0 2 0 0 14 1 0 1 2 12 1 0 0 1 0 1 0 1 0 0 1 2 9 
1 190737 21 1 1 0 0 0 0 0 1 0 0 0 0 1 0 0 0 0 0 1 0 20 2 9 2 0 0 0 21 0 1 0 0 10 1 0 1 2 18 1 0 0 1 0 2 0 1 0 1 1 2 0 
1 192117 10 1 0 0 0 0 1 1 0 0 0 0 0 0 0 0 1 0 1 1 0 8 3 0 2 0 0 0 0 0 1 0 0 3 0 0 1 1 37 4 20 10 1 0 0 0 0 0 1 2 1 0 
1 195729 2 1 0 0 0 0 1 0 1 4 0 0 0 1 7 0 0 0 0 1 0 2 5 0 1 0 0 1 0 0 0 2 0 28 7 0 1 0 18 9 0 0 1 3 0 2 0 0 2 3 0 0 
1 198420 8 1 2 2 0 0 0 0 1 2 6 1 0 0 0 0 1 0 0 1 0 8 0 7 1 10 1 0 0 0 0 3 1 1 14 0 1 0 4 19 10 0 1 0 0 0 0 0 0 3 0 0 
1 198806 16 1 3 10 0 0 0 4 1 2 0 0 6 0 1 0 1 0 0 1 0 0 0 0 0 2 2 0 0 1 0 3 1 11 12 0 1 0 1 16 10 0 1 7 0 0 0 0 0 3 0 0 
1 198897 28 1 3 0 1 1 0 1 1 0 4 0 0 0 2 0 1 0 1 1 2 0 0 2 0 0 2 0 0 17 0 3 1 8 6 0 1 0 1 0 28 0 1 7 0 2 0 0 0 3 0 0 
1 199080 1 1 3 0 1 5 0 3 1 8 4 0 0 1 4 0 0 0 0 1 0 0 0 0 1 0 1 0 0 13 0 3 1 37 3 0 1 1 1 0 1 0 1 0 0 2 0 0 0 3 0 0 
1 199130 6 1 4 0 0 0 0 1 1 7 3 0 0 5 2 0 0 0 1 1 0 0 0 0 1 1 1 0 0 13 0 3 1 36 4 1 1 0 1 0 1 0 1 1 0 6 0 0 0 3 0 0 
1 199646 4 1 0 0 0 10 0 0 1 0 0 0 8 0 4 0 0 1 0 1 0 0 3 0 1 0 1 0 0 11 0 3 1 36 4 0 0 1 1 0 1 0 1 7 0 0 0 0 0 4 0 0 
1 201220 20 1 0 0 0 0 0 0 2 3 0 1 20 0 13 0 0 0 0 1 0 0 0 3 1 0 1 0 0 0 2 3 0 40 0 0 0 3 1 0 1 0 1 0 0 0 0 0 0 4 0 0 
1 203642 4 1 0 0 0 0 0 0 1 3 0 0 0 0 13 0 4 3 0 1 0 0 0 0 1 1 1 0 0 0 1 1 1 45 0 0 0 1 1 0 1 1 1 0 14 0 0 0 1 4 0 0 
1 211288 16 1 0 0 1 0 0 0 2 0 0 0 0 9 18 2 0 3 1 0 2 2 0 0 0 5 0 0 0 1 2 1 16 20 0 11 1 0 0 0 0 1 1 0 0 0 0 1 0 0 0 0 
1 211901 3 1 0 0 0 0 0 0 3 0 7 1 0 18 0 2 0 0 5 0 0 2 0 1 0 1 1 0 0 13 1 0 0 1 0 1 1 0 0 0 5 1 1 17 16 0 0 1 1 0 0 0 
1 212225 51 1 1 0 1 0 0 0 0 0 0 1 0 8 0 2 0 1 8 0 0 2 0 3 0 0 0 0 0 1 0 0 0 0 0 0 1 0 0 0 0 1 1 17 51 0 0 1 0 0 0 0 
1 213155 21 1 0 0 0 0 0 0 0 0 0 1 0 66 0 2 0 0 0 0 0 2 1 0 0 0 1 0 0 0 0 0 0 0 1 0 1 0 1 0 0 1 1 21 0 0 0 1 0 0 0 0 
1 221694 2 1 1 0 2 0 6 2 0 0 0 0 2 4 0 1 0 16 0 0 0 0 0 1 4 0 0 7 11 1 1 0 1 0 0 0 0 1 23 0 0 1 2 2 4 0 3 2 1 1 0 0 
1 224332 10 1 0 2 2 0 10 0 1 1 0 0 1 0 1 0 1 15 15 0 0 0 0 1 3 2 2 3 6 0 1 1 3 2 0 1 0 1 10 1 0 2 0 2 4 0 3 0 1 1 0 1 
1 226672 12 1 0 0 3 1 10 1 0 2 0 0 6 2 0 1 12 0 0 0 0 1 2 12 1 0 2 0 8 4 1 6 0 0 0 0 0 1 0 0 0 1 1 2 5 0 3 0 10 1 1 0 
1 226786 3 1 7 0 3 1 0 1 0 3 0 1 6 0 0 2 1 0 0 0 0 0 1 12 1 0 2 0 9 4 1 6 0 0 0 2 0 1 0 0 0 0 1 2 4 2 3 0 22 1 1 0 
1 226857 22 1 3 0 1 1 0 1 1 1 0 1 6 1 0 0 1 0 0 0 0 1 1 12 1 0 1 4 9 4 1 6 1 0 0 1 0 1 0 0 0 2 0 2 4 2 3 0 22 1 4 0 
1 227998 5 1 0 7 1 2 0 0 1 1 0 1 6 1 0 2 5 0 0 0 1 2 1 12 0 0 1 0 7 4 0 1 0 0 0 0 0 1 0 0 0 0 0 2 0 10 3 0 22 1 5 0 
1 228463 7 1 0 0 1 7 0 0 2 1 0 1 6 1 0 2 0 0 0 0 3 2 0 12 0 0 0 0 7 4 2 0 0 0 0 1 0 1 0 9 0 0 0 2 5 0 3 0 22 1 5 0 
1 228971 2 1 6 0 3 3 0 0 2 0 0 1 4 5 0 1 0 0 0 0 3 2 0 11 0 0 0 0 0 4 2 0 1 0 0 1 0 1 0 10 0 1 0 2 5 0 3 0 22 2 5 0 
1 230539 7 1 0 2 7 0 0 0 2 0 0 1 0 6 0 0 0 0 1 0 4 2 0 12 0 0 0 9 0 4 4 0 1 0 0 0 0 1 0 8 0 0 0 2 5 0 3 0 22 1 3 0 
1 233510 2 1 0 0 0 0 0 0 0 5 1 1 6 6 0 0 0 0 4 2 4 2 2 0 0 0 2 0 0 2 4 1 0 0 0 0 13 1 0 0 0 0 0 16 0 0 3 0 22 0 3 0 
1 237259 2 1 0 0 0 1 0 0 1 0 0 0 1 6 0 0 0 1 4 1 1 0 7 12 2 3 0 0 0 1 0 0 0 0 0 0 4 3 0 0 0 0 4 2 6 0 2 0 22 3 13 0 
1 238519 10 1 1 0 14 0 1 0 2 0 0 0 3 6 0 0 0 2 4 1 0 0 11 0 0 0 0 0 0 1 1 1 0 1 0 0 0 0 0 0 0 0 10 14 1 0 2 0 22 2 0 0 
1 246761 10 1 9 0 8 3 0 0 9 4 0 1 0 6 0 0 1 5 2 3 0 0 0 0 0 0 10 0 13 9 0 0 0 0 1 0 2 0 0 0 0 0 1 0 2 0 2 0 7 0 2 0 
1 246768 4 1 11 0 8 3 0 0 9 4 0 1 0 6 0 0 1 5 2 2 0 0 0 0 0 0 1 0 13 9 0 0 0 0 1 0 2 0 0 0 0 0 1 0 2 0 2 0 7 0 10 0 
1 247096 10 1 9 0 1 0 0 0 9 1 1 0 0 6 0 0 1 5 0 2 0 0 0 0 0 0 1 0 13 10 0 0 0 0 1 0 9 0 0 0 0 0 3 6 2 0 2 0 7 1 10 0 
1 247494 16 1 10 0 10 0 0 0 12 1 0 0 0 6 0 0 1 0 0 2 0 0 0 12 0 0 1 0 13 0 0 0 1 0 2 0 0 0 0 0 0 0 16 0 3 0 2 0 7 0 1 0 
1 254329 23 1 0 0 0 0 8 0 0 1 0 0 0 6 0 3 0 0 0 1 0 12 0 0 12 2 1 1 8 1 1 1 4 0 1 0 0 0 0 0 23 0 1 0 4 0 9 0 0 0 0 0 
1 254682 10 1 0 0 0 0 0 0 0 1 0 0 7 6 0 0 0 0 0 1 0 0 0 3 19 23 1 0 1 1 12 3 6 0 0 1 0 0 0 0 0 0 1 0 0 0 10 4 0 0 0 0 
1 256738 4 1 0 3 0 0 0 0 4 1 0 0 0 6 0 0 0 0 8 1 0 1 0 0 20 0 1 1 0 1 0 6 0 0 9 0 1 0 0 0 0 0 1 0 2 32 0 2 0 0 0 0 
1 256738 1 1 0 3 0 0 0 0 4 1 0 0 0 6 0 0 0 0 8 1 0 1 0 0 20 0 1 1 0 1 0 6 0 0 9 0 1 0 0 0 0 0 1 0 2 32 0 2 0 0 0 0 
1 256739 1 1 0 0 0 0 0 1 0 1 1 1 0 6 0 1 0 0 0 1 0 1 3 0 20 0 1 15 0 1 0 37 0 0 2 0 0 0 0 0 0 0 1 0 1 3 0 3 0 0 0 0 
1 256739 1 1 0 0 0 0 0 1 0 1 1 1 0 6 0 1 0 0 0 1 0 1 3 0 20 0 1 15 0 1 0 37 0 0 2 0 0 0 0 0 0 0 1 0 1 3 0 3 0 0 0 0 
1 256768 1 1 1 0 0 0 0 0 0 2 0 0 0 6 15 12 0 0 0 1 0 0 1 2 20 0 1 15 0 1 0 0 0 14 2 0 0 0 0 0 0 0 0 0 2 2 0 2 0 1 0 0 
1 259265 1 1 0 12 1 0 0 0 0 2 0 0 0 7 9 0 0 0 0 1 0 1 0 0 0 4 1 15 0 1 2 0 0 0 0 0 0 11 0 0 0 10 0 0 4 0 0 0 19 0 0 0 
1 259512 29 1 0 12 0 0 0 0 0 0 0 0 0 7 29 0 0 0 0 0 0 1 0 0 0 0 1 15 19 1 1 0 1 0 0 0 0 4 0 0 0 2 3 0 3 0 0 1 0 0 0 0 
1 259577 2 1 0 12 0 0 0 0 0 1 0 0 0 7 0 0 0 2 0 2 0 0 0 0 0 26 1 15 1 1 1 0 0 0 0 0 0 7 0 0 0 2 0 0 2 0 0 2 18 0 0 0 
1 259578 6 1 0 12 0 0 0 0 0 0 0 0 0 6 0 0 0 2 0 3 0 0 0 0 0 29 1 15 0 1 1 0 0 0 0 0 0 6 0 0 0 20 0 0 2 0 0 2 0 0 0 0 
1 260693 38 1 0 0 0 0 0 5 0 1 0 0 0 7 0 0 0 0 0 2 0 0 0 0 1 38 1 15 0 1 3 4 0 0 0 0 0 0 0 0 0 18 0 0 2 0 0 2 0 0 0 0 
1 263401 48 1 0 0 0 0 0 0 0 0 0 0 0 8 0 0 0 0 1 3 0 0 0 0 0 0 0 15 0 1 1 0 0 0 0 0 0 0 0 0 48 17 0 0 1 0 0 5 0 0 0 0 
1 264822 5 1 0 0 0 0 0 0 0 2 0 0 0 7 0 0 0 0 0 0 0 0 2 0 0 0 0 15 0 1 1 35 1 0 0 0 10 1 0 0 0 17 1 1 1 0 0 5 0 0 0 0 
1 267415 4 1 0 0 0 16 0 0 0 1 0 14 0 16 0 0 0 1 0 0 0 0 1 0 0 0 0 15 0 1 2 8 4 0 0 0 0 1 0 0 10 1 2 0 1 0 0 0 0 0 0 6 
1 269706 16 1 0 0 0 1 0 0 0 0 0 33 0 16 0 0 5 1 0 0 0 0 0 0 0 0 0 15 0 1 6 1 0 0 0 0 0 1 0 3 10 1 3 0 1 1 0 0 0 0 0 1 
1 280272 5 1 3 0 0 0 0 0 2 4 2 21 0 0 1 0 1 0 1 0 0 4 0 0 0 0 1 14 0 1 0 4 0 0 1 0 0 0 1 0 5 11 0 0 3 0 1 0 18 0 0 1 
1 287390 5 1 3 0 1 0 0 0 1 1 7 7 0 0 1 0 1 0 23 1 0 12 5 1 0 6 0 14 0 0 2 0 0 4 5 0 0 0 1 1 0 0 2 0 0 0 0 1 0 0 0 0 
1 287648 7 1 3 0 1 0 0 0 1 2 7 1 0 0 0 0 0 0 23 2 1 12 0 0 0 6 0 14 0 0 3 3 1 5 7 5 0 0 1 0 0 0 0 0 0 0 0 2 0 0 0 0 
1 287907 5 1 3 0 1 2 0 0 1 2 7 0 0 0 0 0 0 0 23 2 0 13 0 0 0 6 1 14 0 0 4 4 1 5 0 1 1 0 1 0 0 0 0 0 0 0 0 2 0 0 6 0 
1 296211 4 1 0 0 2 29 0 0 2 0 1 2 0 0 0 0 1 0 0 0 0 5 0 0 0 4 0 6 0 1 0 1 4 4 0 0 0 3 4 0 22 0 8 0 0 0 0 1 0 0 0 0 
1 299159 16 1 0 0 0 0 6 3 2 4 1 2 0 0 0 0 2 0 0 0 0 1 2 0 0 4 16 2 0 0 0 1 4 1 0 7 0 3 1 0 24 0 9 0 0 0 1 1 0 0 0 3 
1 301631 23 1 0 0 0 23 2 0 2 0 1 3 0 0 0 1 0 1 15 3 0 2 1 0 0 4 1 0 1 0 0 0 4 1 0 4 1 3 5 1 9 0 9 1 0 0 0 0 0 0 0 2 
1 303115 6 1 0 0 1 0 0 16 2 1 1 3 0 0 0 0 0 0 23 5 0 1 1 0 0 4 1 0 0 0 0 0 4 1 0 0 0 3 1 0 0 0 9 0 0 7 0 0 0 1 9 6 
1 303626 30 1 0 0 0 0 0 0 2 1 1 0 0 0 0 0 5 0 24 6 0 0 1 0 2 4 1 0 0 0 0 1 4 1 0 0 0 0 4 0 0 0 9 0 0 30 0 0 0 4 0 0 
1 305123 28 1 0 0 0 4 0 0 3 0 1 0 0 0 0 0 3 0 24 3 0 3 1 1 0 4 0 0 0 0 4 6 4 1 1 0 28 0 0 0 0 0 5 0 0 0 0 0 0 4 0 0 
1 309637 2 1 0 0 3 7 0 0 4 0 2 3 0 0 1 0 3 0 0 3 0 2 3 1 0 6 5 0 0 0 0 3 1 0 0 0 3 0 2 0 12 0 2 28 0 1 2 0 0 1 0 2 
1 317015 18 1 5 0 0 18 0 1 1 0 2 3 0 2 0 0 1 0 2 1 0 2 0 0 0 9 0 0 0 0 26 2 0 1 0 0 8 0 1 0 0 0 4 0 0 3 3 0 0 3 0 2 
1 324027 4 1 0 0 0 1 3 18 0 5 4 0 0 4 4 0 12 0 0 1 1 1 0 0 4 9 1 0 0 0 0 0 0 0 0 0 9 0 0 0 16 0 0 0 0 0 0 0 1 6 0 0 
1 325498 2 1 0 0 0 1 5 0 0 0 4 0 14 1 4 0 0 0 1 1 0 1 3 9 0 2 0 2 0 0 0 0 0 4 0 2 16 0 9 0 13 0 0 0 0 2 0 0 0 6 0 0 
1 326267 25 1 0 0 5 0 3 0 0 0 4 2 2 1 4 0 0 0 6 1 0 1 6 25 0 7 0 0 0 0 0 6 0 5 0 3 8 0 1 0 0 0 0 0 0 0 0 0 1 5 1 3 
1 326359 15 1 7 0 0 0 7 0 0 0 3 1 15 1 5 0 5 0 9 1 0 0 1 1 0 4 0 0 0 0 0 4 0 5 0 3 11 0 0 0 0 0 0 8 0 0 0 0 1 5 1 2 
1 327259 15 1 0 0 0 0 15 0 0 0 3 7 0 7 5 0 0 0 2 0 0 0 0 1 0 3 0 0 0 0 0 1 0 6 0 3 6 0 4 0 16 0 0 13 0 0 0 0 4 4 0 0 
1 327603 2 1 0 0 0 0 0 0 0 0 3 0 0 6 5 0 2 0 3 0 0 0 1 1 0 10 0 0 0 0 0 0 0 6 0 3 0 0 0 0 14 0 0 22 0 9 0 0 10 4 0 1 
1 338515 8 1 0 0 4 1 0 0 0 0 0 2 10 0 5 4 0 0 1 7 1 0 1 3 2 1 0 0 1 0 1 1 0 0 0 8 8 6 1 0 2 0 0 5 0 5 6 0 1 10 0 3 
1 339804 12 1 0 0 9 1 0 0 0 0 0 4 0 0 5 4 0 0 0 0 1 0 0 2 1 9 0 0 0 0 0 3 0 0 0 8 14 0 0 1 12 0 0 2 0 5 12 0 1 4 2 0 
1 348194 5 1 1 2 6 3 2 0 0 2 1 13 3 0 0 1 0 0 0 0 7 3 0 0 5 9 3 0 2 0 0 0 0 0 7 0 0 2 0 0 2 0 6 12 0 2 0 0 0 5 0 1 
1 348263 3 1 5 2 6 4 2 0 0 2 1 13 3 0 0 1 0 0 0 0 7 2 0 7 0 8 3 0 2 0 0 0 0 0 1 0 2 2 0 0 2 0 7 11 0 1 0 0 0 5 0 1 
1 351677 19 1 7 0 0 4 2 0 0 0 0 13 4 1 3 3 0 1 0 0 19 1 0 0 1 0 4 1 0 0 0 8 0 0 7 0 2 0 1 1 6 0 4 2 0 1 0 1 0 2 1 0 
1 353156 4 1 1 1 3 0 2 0 4 0 7 13 4 0 3 0 0 0 0 0 0 4 0 2 1 1 4 0 0 0 0 7 0 0 0 0 1 0 0 0 6 0 1 22 8 1 0 0 0 2 1 1 
1 358275 4 1 0 0 2 2 1 3 0 0 5 13 0 0 2 1 2 0 1 0 0 5 2 0 2 0 22 0 0 0 0 3 0 0 0 0 4 8 1 0 8 1 0 1 0 4 0 0 1 2 1 3 
1 363437 8 1 2 6 2 0 1 0 0 1 0 0 1 0 0 1 0 4 0 1 2 5 3 0 1 3 22 0 3 0 2 3 0 0 0 1 1 1 1 1 9 0 0 5 4 1 0 0 8 2 2 1 
1 369635 4 1 20 0 1 1 0 2 0 0 0 0 6 0 1 1 0 0 0 0 0 0 0 0 0 0 22 0 0 0 5 2 0 2 0 0 1 0 0 1 9 0 1 5 0 5 0 9 0 2 4 0 
1 374242 7 1 0 0 1 0 0 0 0 3 3 0 0 0 5 1 0 0 0 0 0 7 2 0 15 0 22 0 6 0 0 0 0 0 0 0 0 0 0 0 0 0 2 14 0 18 0 0 0 1 0 0 
1 375750 2 1 0 0 0 0 7 0 0 0 0 0 6 0 0 1 0 0 5 0 0 0 2 0 14 0 22 0 6 1 0 0 0 0 0 0 1 0 0 0 0 0 2 14 0 18 0 0 0 1 0 0 
1 380032 1 1 1 0 0 0 1 0 0 0 0 7 0 0 0 18 0 1 5 0 0 0 1 0 12 0 24 0 0 0 1 0 0 0 0 0 7 0 0 0 8 3 0 6 0 0 0 3 0 2 0 0 
1 380087 1 1 0 0 5 3 0 0 0 8 0 1 1 0 0 13 0 0 0 0 0 0 0 1 12 0 24 0 1 1 2 0 1 0 0 0 6 0 0 0 9 0 0 4 0 0 0 0 5 2 1 0 
1 380090 2 1 0 0 5 0 0 0 0 8 0 0 1 1 0 13 0 0 0 0 0 0 0 3 12 0 24 1 1 0 2 0 2 0 0 0 6 0 0 0 9 0 0 4 0 0 0 0 5 2 1 0 
1 380314 3 1 0 0 0 1 0 0 0 1 0 0 7 0 0 18 0 0 0 0 0 0 1 0 12 0 24 8 0 0 1 0 0 0 0 5 0 3 0 0 13 0 0 0 0 0 3 0 0 2 1 0 
1 384034 14 1 0 0 3 0 0 0 0 8 0 0 4 0 0 0 0 0 5 0 0 0 1 0 12 0 24 1 1 0 0 0 0 1 0 0 0 5 0 0 13 0 1 0 0 2 3 2 0 14 0 0 
1 391224 25 1 0 0 0 1 12 0 0 1 7 0 0 1 0 0 0 0 0 0 1 1 0 2 0 0 4 0 0 0 0 0 0 1 0 0 0 25 0 1 13 0 1 0 1 3 20 0 0 0 0 5 
1 399503 5 1 0 0 0 5 10 0 0 3 1 0 15 0 0 0 0 16 0 0 0 0 0 1 0 0 0 0 0 0 3 5 1 0 0 0 1 1 0 1 13 1 1 0 1 0 19 0 0 0 2 0 
1 402225 22 1 0 0 0 4 16 0 0 0 0 0 0 0 0 0 5 0 0 0 0 1 0 1 0 0 1 0 1 0 22 0 1 0 0 0 9 3 0 0 0 1 0 13 0 1 11 2 0 8 0 0 
1 406090 3 1 0 0 0 8 0 0 3 0 14 0 10 0 0 12 0 0 0 0 0 14 0 0 0 0 0 1 0 0 0 0 3 0 1 0 0 4 0 1 1 1 0 0 1 0 2 11 5 5 3 0 
1 413317 19 1 0 2 0 11 0 2 3 0 0 2 8 1 0 5 0 3 0 0 0 0 0 1 19 0 1 0 0 0 4 0 0 0 4 0 6 2 0 0 1 0 6 7 0 0 0 3 5 4 0 0 
1 417255 4 1 0 1 0 0 0 0 0 0 0 0 0 0 0 0 0 0 0 0 1 0 10 0 1 0 0 0 1 3 0 0 8 0 3 0 16 0 4 16 13 0 8 0 0 4 0 5 0 5 0 1 
1 417567 3 1 0 3 10 0 4 0 2 0 10 0 3 0 0 0 1 2 0 0 0 0 5 0 1 0 0 0 1 3 0 0 8 0 3 0 16 0 4 0 3 0 8 0 2 0 1 5 0 5 0 0 
1 418274 5 1 3 0 7 1 4 0 9 0 3 5 0 0 0 0 0 0 0 0 0 0 0 1 1 0 0 1 6 0 1 0 8 0 3 0 16 2 4 0 5 1 7 1 0 0 0 5 1 5 0 0 
1 419084 16 1 6 0 0 1 1 1 0 0 0 0 0 0 0 0 0 0 0 0 0 0 0 0 1 0 0 4 15 0 5 0 8 0 5 4 16 0 5 0 0 2 7 13 0 0 0 0 0 5 1 0 
1 420415 1 1 0 0 0 8 0 0 0 7 0 0 0 0 0 0 0 16 0 0 0 7 0 0 0 0 0 3 0 0 0 1 11 0 1 1 0 0 10 0 11 0 2 2 0 0 6 0 14 0 0 0 
1 420423 2 1 0 0 0 8 7 0 0 0 0 0 0 0 0 0 2 16 0 0 1 7 0 0 0 0 0 3 0 0 0 0 11 0 5 0 0 0 10 0 13 0 2 0 0 0 1 0 14 0 0 0 
1 420581 2 1 0 7 0 9 0 0 0 0 0 0 0 0 0 0 3 16 0 0 2 6 0 0 0 0 0 1 0 0 0 0 11 0 5 0 0 0 5 0 0 0 1 13 0 0 0 0 21 0 0 0 
1 422651 5 1 0 0 4 5 1 0 0 0 0 1 6 0 0 4 3 13 0 0 0 0 3 0 0 0 0 4 0 0 0 0 6 0 2 0 0 0 26 0 5 0 5 0 0 0 10 0 0 0 2 0 
1 423421 10 1 0 1 4 10 0 0 1 0 0 2 6 0 0 0 3 0 0 0 0 1 4 0 10 0 0 4 1 0 0 0 17 0 0 0 0 0 24 0 9 0 0 0 0 0 1 0 2 0 0 0 
1 424490 3 1 0 0 0 0 2 0 0 0 5 0 0 0 0 10 3 17 0 2 0 1 4 0 4 0 0 4 0 0 1 0 18 0 0 0 0 0 0 0 0 0 0 3 1 0 0 0 3 0 1 21 
1 424491 3 1 0 0 0 0 2 3 0 0 5 1 0 0 0 9 3 21 0 2 0 0 4 0 0 0 0 4 0 0 1 0 18 0 0 0 0 0 0 0 1 0 0 3 1 0 0 0 0 0 1 21 
1 424495 2 1 0 0 0 0 2 0 0 0 5 0 0 0 0 9 3 12 0 3 0 1 4 0 9 0 0 4 0 0 1 0 18 0 0 0 0 0 2 0 3 0 0 1 1 0 0 0 0 0 1 21 
1 424592 2 1 0 1 0 0 0 0 2 1 5 0 0 0 2 13 3 0 0 1 0 0 2 0 21 0 1 4 0 0 1 0 18 0 0 3 0 0 0 1 0 0 0 0 0 0 0 0 0 0 1 20 
1 428632 10 1 0 0 2 0 0 0 1 0 0 0 0 0 0 1 1 0 0 0 0 9 4 0 12 0 0 3 3 0 0 0 23 0 0 16 0 0 3 0 0 1 0 10 0 0 0 1 0 0 0 10 
1 429927 23 1 0 3 0 0 0 0 1 0 0 6 0 0 0 0 1 11 1 1 0 0 3 0 0 7 1 3 4 0 0 0 23 0 0 17 0 0 3 0 0 1 0 13 0 0 0 0 0 0 1 0 
1 435114 2 1 0 0 0 0 0 0 3 0 1 0 0 0 0 0 0 16 1 0 0 0 2 1 0 6 2 3 0 0 11 0 0 0 0 14 1 23 0 0 0 0 0 0 1 0 0 1 1 13 0 0 
1 435506 14 1 0 0 0 0 0 0 3 0 0 0 0 0 0 0 0 16 2 2 0 1 1 0 0 5 1 3 0 0 11 0 0 0 0 14 1 23 0 0 0 0 0 0 1 0 0 1 1 14 0 0 
1 440472 6 1 0 0 12 1 0 1 4 0 0 1 0 1 3 1 3 12 0 1 6 0 0 0 0 0 0 2 0 10 0 0 0 12 8 0 0 0 2 0 0 4 15 1 0 0 0 0 0 0 0 0 
1 442006 14 1 0 0 1 1 2 1 4 0 0 10 0 0 3 8 0 0 0 1 0 0 5 8 0 0 1 2 0 0 0 0 0 1 0 0 0 9 14 3 0 4 0 5 0 0 2 0 15 0 0 0 
1 443158 11 1 0 10 3 1 0 1 4 0 0 0 0 0 3 8 0 0 0 1 0 0 4 1 5 0 0 2 0 10 0 0 0 5 0 8 0 1 0 0 11 2 0 1 0 1 0 10 7 0 0 1 
1 444223 4 1 1 0 3 1 0 1 5 0 15 1 1 0 4 14 0 1 0 0 0 0 4 2 4 0 0 4 0 0 0 0 2 3 2 13 1 10 0 2 0 2 0 3 0 0 0 0 0 0 0 1 
1 444227 4 1 0 2 3 1 0 1 5 0 15 0 1 0 4 14 0 0 0 0 0 0 0 2 4 0 0 4 0 0 4 0 2 3 2 11 1 10 0 2 0 2 2 3 0 0 0 0 0 0 1 1 
1 444509 14 1 0 0 3 1 0 1 10 0 14 0 0 1 4 14 1 0 1 0 0 0 1 2 3 0 0 4 0 0 0 0 2 3 4 0 1 9 0 0 0 2 0 1 0 0 0 2 8 0 8 0 
1 444798 2 1 0 3 3 1 0 1 11 1 10 0 0 0 4 1 0 1 1 0 0 0 1 2 3 0 0 4 0 0 0 0 2 3 17 5 0 10 0 0 0 2 0 2 0 1 0 0 1 0 10 0 
1 445268 2 1 1 10 3 1 4 1 16 0 2 1 0 0 4 1 0 4 0 0 0 0 0 17 0 0 0 4 0 0 0 0 2 3 4 0 0 10 0 3 0 2 0 5 0 0 0 0 1 0 0 1 
1 445372 5 1 5 1 3 1 0 1 17 0 0 4 0 0 4 0 0 5 1 0 0 0 0 20 0 0 0 4 1 0 0 0 2 3 1 0 0 10 0 0 0 2 0 5 0 0 0 9 1 0 0 0 
1 445806 11 1 0 4 2 1 1 1 17 0 0 11 0 0 5 0 0 0 0 0 0 0 0 21 0 0 0 4 1 0 0 0 2 3 1 0 0 10 0 3 0 2 0 5 0 0 0 5 0 0 0 1 
1 446266 21 1 5 6 2 1 2 1 13 0 0 0 0 0 7 1 0 0 1 6 0 0 1 21 0 0 0 4 0 0 0 0 2 3 1 0 0 3 0 4 0 2 0 5 0 0 0 8 1 0 0 0 
1 450857 8 1 0 2 2 0 7 1 1 0 1 2 0 0 12 0 0 0 0 10 1 0 0 1 1 4 0 2 8 0 0 0 1 2 6 1 1 0 16 0 0 2 0 0 0 0 0 12 4 0 0 0 
1 453396 6 1 0 0 2 0 0 1 7 1 0 2 0 0 11 0 0 0 0 13 0 2 1 1 1 4 0 0 0 0 0 0 1 4 0 3 0 1 12 1 0 6 0 1 1 0 0 0 6 0 15 3 
1 457774 1 1 0 1 2 1 0 1 0 0 1 2 0 0 11 0 1 1 2 0 5 6 1 1 2 3 0 5 0 0 0 0 1 6 0 7 1 0 6 2 0 2 7 0 0 0 0 0 0 0 6 16 
1 457777 1 1 1 1 2 1 0 0 0 0 0 2 0 0 11 0 1 1 2 0 5 6 1 1 2 3 0 5 0 0 0 0 1 6 0 7 0 0 6 2 0 2 7 1 0 1 0 0 0 0 6 16 
1 457780 2 1 0 1 2 0 0 0 0 0 0 2 0 0 11 0 1 1 3 0 5 6 1 1 2 3 0 5 0 0 0 0 1 6 0 7 0 0 6 2 0 2 7 1 0 0 0 2 0 0 6 16 
1 459332 2 1 5 0 2 0 0 0 0 0 1 2 8 0 0 1 0 1 7 8 2 7 0 12 3 2 0 11 0 0 0 2 0 0 0 0 1 0 1 2 0 4 6 0 0 0 0 5 0 0 1 6 
1 462485 11 1 6 4 2 1 2 0 6 0 0 0 0 1 0 0 1 1 8 0 1 0 0 12 3 2 0 3 0 0 0 1 0 0 0 6 0 1 1 4 1 7 8 1 0 0 0 5 0 1 0 11 
1 464804 5 1 2 5 1 0 1 5 2 1 0 0 0 0 0 3 0 6 1 16 2 1 0 7 1 2 1 4 1 0 0 2 1 0 0 7 0 5 1 5 0 5 2 0 0 0 1 5 0 1 3 0 
1 464807 7 1 2 5 1 0 1 0 2 1 0 0 0 0 0 3 0 0 2 16 2 1 0 13 1 2 1 4 0 0 0 2 1 0 0 7 0 5 1 5 0 5 7 0 0 0 1 5 0 1 3 0 
1 465228 8 1 1 6 1 0 0 0 0 8 0 1 3 0 2 3 2 11 4 16 1 1 0 0 1 2 0 4 0 0 0 2 1 2 0 2 1 2 1 5 1 5 1 0 0 0 1 5 0 1 3 0 
1 468235 5 1 4 1 1 0 2 1 0 0 1 2 13 1 0 0 0 0 4 15 0 2 0 0 1 2 1 0 1 0 10 0 1 8 1 2 0 0 1 0 0 5 2 1 3 1 0 5 0 1 5 2 
1 476946 11 1 0 2 0 6 0 1 0 2 3 3 11 1 0 5 3 0 0 0 0 6 0 0 0 8 2 0 1 0 1 0 0 0 1 1 20 2 0 1 1 0 1 3 0 0 1 7 0 3 1 3 
1 478387 3 1 0 2 0 13 12 0 1 2 0 2 0 9 0 0 3 0 1 1 0 6 0 3 0 8 2 0 0 1 4 0 0 0 6 1 3 2 0 2 1 1 0 2 0 0 1 6 0 1 1 3 
1 478390 4 1 0 2 0 8 14 1 0 2 0 0 0 4 1 0 3 0 1 11 0 6 0 3 0 8 2 0 0 1 4 0 0 0 6 1 0 3 0 2 1 4 0 1 0 0 0 6 0 1 1 3 
1 478528 12 1 4 2 0 0 1 0 1 2 0 2 0 3 0 0 3 1 0 12 0 2 0 3 0 8 2 0 1 1 0 1 0 0 6 1 0 2 4 2 1 11 0 0 0 12 1 6 0 1 1 3 
1 478531 6 1 4 1 0 3 1 0 0 2 0 2 0 6 4 0 3 0 0 0 0 3 0 3 0 8 2 0 0 1 0 0 0 0 7 1 0 2 0 3 1 11 0 0 2 18 1 6 0 1 1 3 
1 478532 7 1 3 2 0 7 1 0 7 2 0 2 0 0 4 0 3 2 0 0 0 3 0 3 0 8 2 0 1 1 0 0 0 0 0 1 0 2 0 2 1 11 0 0 0 20 1 6 0 1 1 3 
1 482733 9 1 0 1 0 2 1 0 0 5 0 2 0 0 0 0 3 0 2 0 21 7 0 5 0 8 0 0 0 3 0 0 1 0 0 0 0 9 0 0 1 11 0 1 0 6 2 6 0 1 2 0 
1 483211 7 1 1 0 0 2 1 0 0 5 0 0 0 0 1 0 3 0 11 0 1 7 0 5 1 2 0 0 0 0 0 0 0 0 0 0 0 2 0 0 1 11 0 0 0 32 2 9 0 1 2 0 
1 487212 11 1 0 4 0 0 0 0 0 3 0 22 0 0 2 0 1 1 0 4 1 1 7 4 0 3 2 3 0 0 0 0 0 4 0 2 0 1 1 4 3 1 0 0 0 1 0 11 1 1 0 12 
1 502489 12 1 0 0 2 0 1 0 0 0 0 12 1 1 1 0 0 0 0 7 4 0 0 3 0 10 7 0 0 5 1 0 0 0 0 2 0 8 2 0 6 8 0 2 0 2 4 0 0 0 3 8 
1 503875 1 1 0 8 0 1 1 2 0 3 1 0 1 1 2 0 0 5 1 7 0 0 1 5 0 9 2 0 1 0 0 1 2 0 0 0 0 0 0 0 0 4 0 13 0 3 17 0 0 1 0 8 
1 504160 2 1 8 0 0 0 1 0 2 0 1 0 1 1 2 0 1 2 0 7 0 0 13 5 0 3 0 0 0 0 0 0 3 0 0 1 0 0 0 0 5 5 0 13 0 0 14 0 1 3 0 8 
1 504666 5 1 0 0 0 0 1 0 7 1 1 0 1 1 2 5 0 0 0 7 0 0 9 5 1 1 5 8 0 0 0 0 3 1 0 0 0 7 0 0 3 4 0 13 2 0 0 0 1 3 0 8 
1 508053 3 1 0 0 8 1 2 2 2 0 0 0 0 2 2 0 0 0 0 7 3 0 9 0 6 0 0 0 3 0 9 0 2 0 2 0 0 0 0 0 0 0 7 0 7 9 0 0 1 0 0 16 
1 508761 7 1 6 0 7 0 2 2 4 0 0 0 0 2 2 0 0 7 0 7 0 0 9 0 6 0 0 5 4 1 5 0 0 0 5 0 0 0 0 0 2 0 1 2 2 1 0 15 2 1 0 0 
1 508954 4 1 0 0 8 1 2 2 5 0 2 0 0 2 1 0 0 0 0 7 0 0 9 1 6 0 0 10 5 2 5 4 0 0 0 0 0 0 0 0 2 0 0 4 1 3 0 16 2 0 0 0 
1 510439 4 1 2 0 8 1 2 1 0 0 0 0 0 5 1 0 0 0 0 7 0 0 9 3 0 0 0 10 4 8 0 3 0 8 1 0 0 0 0 0 0 0 0 0 6 0 0 0 3 1 0 17 
1 510584 5 1 0 0 5 1 0 1 0 0 0 0 2 5 1 0 0 0 0 7 0 2 9 2 0 0 0 11 0 8 0 6 0 2 0 0 0 0 0 0 0 13 10 0 7 0 0 5 3 0 0 0 
1 511390 3 1 0 0 0 1 1 5 0 4 0 0 1 5 1 0 0 0 0 7 0 0 9 0 0 0 0 0 0 8 0 13 4 0 6 9 0 0 0 0 0 1 0 0 9 0 0 13 3 0 0 0 
1 513539 1 1 3 0 0 4 2 0 2 0 0 0 0 5 1 0 0 0 6 7 0 0 7 4 2 0 0 1 2 0 0 13 0 0 3 0 0 2 0 1 0 16 0 0 0 0 10 8 0 0 1 0 
1 513541 1 1 2 0 0 4 0 0 2 0 0 0 2 5 1 0 0 0 6 7 0 0 7 4 2 0 0 1 2 0 0 13 1 0 3 0 0 3 0 1 0 16 0 0 0 0 10 8 0 0 0 0 
1 513542 1 1 3 0 0 4 0 0 2 0 0 0 2 5 1 0 0 0 6 7 0 0 7 4 2 0 1 1 2 0 0 13 0 0 3 0 0 2 0 1 0 16 0 0 0 0 10 8 0 0 0 0 
1 513544 2 1 0 0 0 4 2 0 2 0 0 0 0 5 1 0 2 0 6 7 0 0 8 1 2 0 9 1 1 0 0 13 0 1 3 0 0 0 0 0 0 15 0 0 0 0 9 8 0 0 0 0 
1 514274 17 1 0 0 0 1 2 0 0 0 1 0 0 5 1 0 0 0 0 7 0 0 7 0 2 0 8 0 2 0 0 14 0 7 1 0 0 0 3 0 3 17 0 0 0 0 11 2 0 1 0 5 
1 517165 10 1 1 0 0 1 0 2 0 7 0 0 2 12 0 0 0 0 0 7 0 0 1 0 0 0 0 1 9 0 0 14 0 0 3 0 0 0 5 0 10 0 0 0 0 0 6 0 0 5 0 14 
1 518705 1 1 0 0 0 1 0 5 8 0 0 0 0 12 4 0 0 0 1 7 0 1 1 0 4 0 0 1 9 8 0 14 0 0 3 5 0 0 1 3 0 0 0 0 0 0 0 1 0 9 2 0 
1 519376 15 1 0 0 0 0 2 4 7 0 0 0 0 12 5 0 0 0 4 7 0 0 1 1 1 0 19 1 9 0 0 15 0 0 3 3 0 0 4 1 0 0 0 0 0 0 1 0 0 0 0 0 
1 527779 11 1 0 0 0 15 2 0 0 0 1 0 0 2 1 0 8 1 0 7 2 0 5 0 0 1 2 0 5 1 11 1 0 0 4 0 0 0 1 0 0 1 5 0 0 0 0 0 0 24 0 0 
1 529704 20 1 0 1 3 15 0 4 0 0 10 0 0 0 0 0 0 1 5 7 1 0 0 0 0 20 1 0 10 10 0 1 0 0 4 0 0 0 0 0 0 1 3 2 0 0 0 0 0 0 0 1 
1 540434 5 1 0 0 2 2 0 0 0 0 13 1 0 1 2 1 4 1 0 3 4 2 1 0 0 1 0 4 11 0 1 5 0 0 0 0 1 0 0 0 0 0 1 3 6 0 0 0 0 30 0 0 
1 541087 4 1 0 0 2 0 0 0 0 0 6 1 0 16 3 1 4 1 0 3 4 2 0 0 0 1 0 9 1 0 0 8 0 0 0 0 1 0 0 0 0 3 0 2 0 0 0 0 0 0 1 31 
1 545373 3 1 0 0 2 0 2 0 0 0 4 0 0 1 3 1 0 0 5 4 4 2 1 0 0 0 0 0 3 0 0 12 0 6 0 2 3 0 0 0 0 0 0 0 13 0 0 0 0 22 2 8 
1 548356 3 1 0 9 0 4 0 0 0 0 2 0 3 10 6 1 2 0 8 5 3 2 3 0 0 0 9 1 1 0 0 0 1 0 1 0 1 0 1 0 0 0 0 1 18 0 0 1 0 7 0 0 
1 549914 3 1 0 9 0 11 1 0 1 0 2 0 0 3 7 0 2 0 8 2 6 3 3 0 0 0 13 1 1 0 0 0 0 0 0 0 1 0 1 1 0 0 0 2 19 0 0 1 0 0 1 1 
1 554543 19 1 0 4 0 0 2 0 0 0 1 0 1 0 0 3 2 0 7 0 8 0 3 0 4 0 1 2 0 0 1 1 0 4 0 5 1 0 0 0 0 0 1 1 19 0 0 1 0 0 1 27 
1 561572 19 1 1 9 0 1 0 1 11 0 1 0 0 0 1 2 0 8 6 0 0 2 0 0 0 0 0 0 3 2 19 0 0 1 0 1 1 0 5 0 0 0 1 1 2 0 0 20 0 0 1 0 
1 562288 29 1 0 0 0 1 0 1 29 0 1 0 9 0 1 2 1 8 5 0 0 0 3 0 0 0 2 0 0 0 0 0 0 1 1 1 1 0 5 0 0 0 1 1 2 0 0 20 0 0 1 3 
1 569284 9 1 0 0 0 0 1 2 3 0 0 0 3 4 9 5 0 1 0 0 0 0 0 1 0 0 0 5 0 0 1 0 0 0 0 1 0 0 0 0 0 2 0 0 5 1 0 22 3 30 1 0 
1 573574 18 1 0 0 2 3 1 2 3 7 4 0 0 4 0 3 0 0 0 1 0 1 0 0 0 0 0 5 0 18 0 1 0 0 0 9 2 0 0 0 0 2 0 1 5 0 3 22 0 0 1 0 
1 573621 7 1 0 0 7 4 1 2 3 0 22 0 0 4 0 7 0 1 0 0 0 0 0 0 0 0 3 0 0 0 1 1 0 0 0 4 2 0 0 0 0 2 0 0 5 0 8 22 0 0 1 0 
1 573788 13 1 0 7 3 2 1 2 2 13 3 0 1 3 0 0 0 0 0 1 0 1 0 0 0 0 0 0 0 0 0 5 0 0 0 0 2 0 0 0 0 0 0 1 5 8 0 23 2 0 2 13 
1 574214 10 1 0 7 4 12 2 2 1 17 0 0 0 2 0 0 0 0 0 1 0 1 0 0 0 0 11 0 0 0 1 10 0 0 0 0 2 10 0 0 0 0 0 0 5 0 0 6 0 3 3 0 
1 576602 10 1 0 0 0 6 1 2 2 13 1 2 1 1 0 2 0 0 0 1 0 0 0 0 0 1 22 0 2 0 4 0 0 0 0 10 2 6 0 0 2 1 0 1 0 0 0 10 0 7 0 0 
1 580415 5 1 0 0 0 0 11 23 0 13 3 0 13 1 0 1 2 0 0 0 1 0 2 0 0 2 0 0 0 0 2 2 0 0 0 0 2 0 0 0 5 0 0 3 0 0 2 0 0 12 0 0 
1 584910 3 1 0 0 0 1 8 7 0 13 1 0 0 0 4 2 1 0 0 0 1 11 4 1 0 16 1 0 4 3 0 3 0 0 0 2 0 0 0 0 4 0 0 0 0 0 2 1 4 0 0 6 
1 595692 42 1 0 5 0 0 8 0 0 7 0 0 0 0 0 1 1 0 0 2 0 0 6 0 0 0 0 0 3 3 0 0 2 0 1 0 3 0 0 0 0 0 0 0 0 0 9 0 0 5 42 2 
1 597270 16 1 0 0 0 3 0 0 12 1 0 1 0 16 0 1 0 0 0 16 0 0 5 1 0 0 0 0 4 3 0 0 2 0 9 0 3 0 0 0 0 0 0 0 0 0 16 0 0 5 0 2 
1 604375 3 1 2 0 0 0 0 0 6 4 0 0 3 3 0 6 1 1 9 11 8 0 3 1 0 0 0 0 6 12 0 4 1 1 0 0 3 1 0 1 0 0 0 0 1 0 2 0 3 5 0 2 
1 604746 12 1 2 0 0 0 0 0 0 4 0 0 1 3 1 6 0 7 9 17 2 1 3 0 0 0 1 1 6 12 0 4 0 0 1 0 3 0 0 1 0 0 1 0 1 1 3 0 3 5 0 1 
1 606896 3 1 0 0 0 0 0 0 0 2 0 1 1 0 1 22 0 0 8 19 10 0 3 0 1 0 0 1 2 0 0 0 0 0 1 1 1 0 1 12 0 0 1 0 1 2 3 0 0 5 0 1 
1 620053 19 1 0 0 0 0 1 0 0 1 2 19 1 13 0 0 1 0 4 14 1 1 12 1 0 0 0 1 1 0 0 1 0 2 0 1 1 0 2 0 0 2 0 0 0 4 0 0 0 0 3 11 
1 633336 6 1 0 6 0 0 0 1 2 0 9 2 0 4 0 4 0 0 0 18 1 0 0 0 0 2 0 2 1 0 0 0 0 0 0 1 0 0 0 11 5 2 3 0 1 8 4 0 0 7 0 6 
1 633409 8 1 0 0 0 1 1 0 1 0 9 2 0 4 0 4 0 0 0 18 1 0 0 0 0 2 0 1 1 0 0 0 0 0 1 1 1 0 0 11 5 0 2 0 0 8 4 0 0 7 6 9 
1 635431 2 1 1 0 0 0 0 0 1 0 10 5 0 0 1 4 0 1 9 20 1 2 0 0 0 0 1 0 0 0 1 4 0 1 0 0 0 6 0 11 3 1 0 0 11 1 1 0 2 2 0 0 
1 636035 14 1 2 0 0 0 0 0 1 2 9 5 0 0 2 4 0 0 0 19 2 0 0 0 0 0 1 0 1 0 0 0 0 1 0 0 0 6 1 10 3 0 14 0 12 1 1 0 0 1 1 1 
1 638796 17 1 3 8 1 3 0 2 0 1 0 0 0 0 0 0 0 0 0 19 5 0 6 0 0 0 0 1 12 1 0 17 0 0 0 0 0 7 0 6 3 0 0 0 0 1 2 1 0 0 1 0 
1 639257 3 1 3 10 0 3 0 2 0 8 0 0 0 4 1 3 0 0 16 19 1 1 0 0 0 4 0 0 0 1 1 1 0 0 0 1 0 2 0 6 2 0 4 1 0 0 2 0 0 0 1 3 
1 642347 3 1 3 9 0 0 0 0 0 7 0 1 0 0 1 0 0 0 23 19 2 6 0 0 5 0 0 0 0 0 0 1 0 0 0 0 0 2 0 9 0 0 0 3 3 0 2 1 0 0 0 3 
1 649606 21 1 0 11 0 0 1 1 0 0 0 3 0 0 21 0 4 0 1 9 0 0 0 0 4 2 0 1 0 0 1 1 0 0 0 0 0 1 0 3 4 0 21 0 0 0 2 2 0 1 6 0 
1 650959 15 1 0 0 1 4 0 1 0 0 0 0 0 0 21 0 1 0 2 3 11 0 0 0 2 1 0 3 1 0 4 3 0 6 0 0 1 2 1 0 0 2 0 0 1 0 2 2 0 15 9 1 
1 650966 11 1 0 1 1 4 0 1 0 1 2 1 0 0 21 0 1 0 2 7 7 8 0 0 2 1 0 2 1 0 4 3 0 5 0 0 1 2 1 11 0 3 0 0 1 0 2 2 0 0 1 1 
1 650966 3 1 0 1 1 4 0 1 0 1 2 1 0 0 21 0 1 0 2 7 7 8 0 0 2 1 0 2 1 0 4 3 0 5 0 0 1 2 1 11 0 3 0 0 1 0 2 2 0 0 1 1 
1 650972 1 1 0 0 0 5 0 1 1 2 15 1 0 0 21 1 1 0 2 11 3 8 0 0 2 0 0 3 0 0 4 3 0 4 0 0 0 2 2 0 0 1 0 1 0 0 2 2 0 0 1 1 
1 650975 3 1 0 0 2 3 0 1 1 0 15 1 0 0 21 0 2 0 2 11 3 7 0 1 2 0 0 2 3 0 0 3 0 6 0 0 0 2 2 0 0 1 0 5 0 0 2 0 0 0 1 1 
1 650981 2 1 0 0 2 5 0 1 0 2 16 0 0 0 21 0 0 0 2 11 3 1 0 1 2 0 0 2 0 0 0 3 0 4 0 1 0 2 2 0 0 1 0 5 1 0 2 0 0 0 9 1 
1 650997 18 1 0 0 0 3 0 1 0 0 18 1 0 0 21 0 1 0 2 11 3 1 1 0 2 0 0 2 0 0 0 3 0 6 0 0 1 2 2 0 2 1 0 5 0 0 2 0 0 0 8 1 
1 653488 3 1 0 0 1 5 0 0 0 0 1 1 0 0 2 0 1 1 1 27 5 10 0 2 1 0 0 0 9 0 0 4 0 4 0 1 1 3 0 1 1 1 0 0 0 0 1 5 0 0 0 11 
1 654712 4 1 0 1 1 1 0 0 0 0 1 0 0 0 6 0 0 0 1 6 26 1 0 4 1 5 0 0 9 0 0 4 0 3 0 0 0 1 7 0 0 1 0 1 1 0 1 4 0 1 2 11 
1 665309 24 1 1 6 0 24 0 0 1 4 3 5 0 0 1 0 0 0 0 0 0 4 0 0 0 6 0 0 4 0 0 4 0 2 0 0 0 6 5 0 3 1 4 1 0 3 2 4 0 3 2 1 
1 665391 5 1 1 6 0 0 0 0 0 4 3 5 0 0 1 0 0 1 0 0 0 4 0 0 0 4 0 0 24 0 1 4 0 2 0 3 0 6 5 0 3 1 4 0 0 0 2 5 0 7 3 1 
1 668515 7 1 0 1 0 4 0 0 0 8 3 1 0 0 6 0 1 0 0 0 0 5 4 0 0 2 0 4 17 0 0 7 2 2 0 0 0 5 2 0 0 3 0 1 0 1 2 6 1 8 2 2 
1 668689 1 1 0 10 0 3 0 0 0 5 3 1 1 4 6 0 1 0 0 2 0 5 1 0 0 2 0 1 17 0 0 1 1 2 0 0 0 5 2 0 0 3 0 1 0 2 2 7 9 1 1 1 
1 668693 1 1 0 10 0 3 0 0 1 0 3 1 1 4 6 0 1 0 0 0 0 5 1 0 0 2 0 0 17 0 0 0 1 2 0 0 1 5 2 0 0 3 0 1 0 4 2 7 12 3 1 1 
1 668695 1 1 0 10 0 3 0 0 1 0 3 1 1 4 6 0 1 1 0 0 0 5 1 0 0 2 0 0 17 0 0 0 0 2 0 0 1 5 2 0 0 3 0 1 0 4 2 7 13 2 1 1 
1 668798 3 1 0 9 0 4 1 0 0 11 3 1 1 5 6 2 1 0 0 0 0 5 1 0 0 1 0 0 17 0 0 0 0 2 0 0 2 5 2 0 0 3 0 1 0 2 2 6 3 1 2 1 
1 671517 6 1 1 6 0 3 0 0 0 3 2 1 0 5 2 0 2 0 0 8 0 5 1 1 0 2 2 0 19 0 2 1 0 1 0 1 6 6 0 0 0 0 3 0 1 0 2 4 5 1 1 3 
1 673423 5 1 0 12 1 2 0 0 0 0 0 1 0 5 1 4 0 0 0 0 1 4 1 0 0 2 6 2 19 0 2 1 0 1 1 0 6 0 0 0 0 0 0 0 0 0 2 5 2 10 3 6 
1 675964 3 1 0 12 2 1 0 1 0 1 2 0 0 5 0 1 2 0 0 0 0 8 4 0 0 1 0 13 19 0 0 0 0 2 0 3 3 1 4 1 2 4 4 0 0 0 0 1 0 0 2 1 
1 675965 2 1 1 12 2 1 0 1 0 1 1 0 0 5 0 2 2 0 0 2 0 8 4 0 0 1 0 11 19 0 0 0 0 2 0 0 3 1 4 1 2 4 4 0 0 2 0 1 0 0 2 1 
1 675976 2 1 0 12 0 1 0 0 0 1 2 0 0 5 0 12 2 0 1 2 0 8 1 0 0 1 0 0 19 0 0 3 0 2 0 0 3 1 4 0 2 4 4 0 0 2 1 1 3 0 2 1 
1 676350 6 1 1 7 1 1 0 0 1 0 0 0 1 5 2 6 1 0 0 0 2 8 1 0 0 1 4 4 19 1 0 0 0 2 0 0 1 1 4 1 2 3 0 0 0 2 0 1 4 9 3 1 
1 677600 12 1 0 1 1 1 3 0 2 14 0 0 1 5 2 0 1 1 0 0 0 9 0 0 0 1 0 12 19 0 0 0 1 3 0 0 2 0 0 0 2 3 4 0 0 2 1 1 2 1 3 2 
1 678912 4 1 0 12 0 0 0 0 2 1 1 0 0 1 2 0 2 0 0 0 1 10 0 5 0 1 0 1 23 3 0 1 0 4 0 1 0 0 0 1 1 1 0 0 4 0 0 1 0 17 2 2 
1 679312 10 1 1 12 0 3 0 0 2 1 0 0 0 1 2 0 2 4 0 0 0 10 0 0 0 1 1 1 22 3 1 0 1 0 0 1 1 1 0 1 1 1 4 1 0 0 0 1 0 17 0 3 
1 683136 12 1 0 12 1 3 4 0 3 0 0 0 2 0 1 0 2 0 1 0 12 0 0 0 0 1 5 1 3 0 1 0 0 0 0 0 0 1 0 0 1 1 0 0 1 2 1 2 0 17 2 20 
1 685629 11 1 0 12 0 3 0 0 3 0 11 0 1 4 2 1 0 0 1 0 0 0 1 0 0 0 5 7 2 0 0 0 1 0 0 0 8 1 0 1 2 1 0 0 0 0 0 0 2 10 6 15 
1 703883 2 1 2 2 2 2 0 5 0 0 1 1 1 0 0 4 0 0 0 5 0 0 0 0 2 0 0 7 2 2 0 0 0 0 10 8 17 0 0 0 1 1 0 0 4 0 9 0 0 10 1 1 
1 705839 9 1 1 0 2 3 4 5 13 0 2 0 0 0 1 4 0 0 0 3 0 0 1 0 1 0 0 8 1 1 1 0 0 0 4 8 4 1 0 0 1 1 0 0 1 0 8 0 0 11 1 9 
1 706526 7 1 0 0 1 6 7 5 8 0 3 0 0 3 1 4 0 0 0 3 0 0 3 1 1 0 0 7 6 0 2 1 0 0 1 3 4 1 0 0 13 1 0 0 0 0 4 0 0 11 0 0 
1 707840 7 1 0 0 0 0 0 5 0 0 0 0 0 1 1 4 0 3 0 3 0 0 5 0 1 0 0 7 7 0 2 0 0 0 0 7 12 0 0 0 15 1 8 1 2 0 4 0 0 11 0 0 
1 707920 3 1 0 0 1 2 0 5 0 0 0 0 0 3 0 4 0 7 1 3 1 0 0 0 1 0 0 7 7 4 2 0 0 0 0 0 12 0 0 0 15 1 5 0 3 0 5 0 0 11 0 0 
1 707963 6 1 0 4 2 0 0 4 0 0 0 0 0 3 0 4 1 0 1 3 0 0 5 3 1 0 5 7 7 0 2 1 0 0 0 0 12 0 6 0 12 1 0 0 4 0 1 0 0 11 0 0 
1 708849 9 1 0 9 0 0 0 3 10 0 0 0 0 2 0 4 2 2 1 3 0 0 0 3 1 0 0 8 9 14 2 0 0 0 0 0 0 0 0 0 12 1 0 0 3 0 0 0 0 11 0 0 
1 714450 21 1 2 0 0 0 0 1 0 0 0 0 4 3 0 1 0 1 0 4 3 0 0 6 1 5 1 0 7 0 0 0 0 0 7 0 21 2 3 1 3 3 0 0 3 1 0 0 0 9 0 8 
1 715292 4 1 9 0 5 0 0 9 0 0 0 0 0 2 0 0 0 2 0 4 0 0 1 7 1 0 1 0 7 0 0 0 0 0 0 0 5 2 0 0 3 2 5 0 3 0 0 0 0 30 0 2 
1 729788 13 1 0 3 0 7 2 0 1 0 0 0 0 2 0 4 7 2 0 0 0 1 7 13 4 1 0 0 0 0 1 0 1 0 1 7 0 0 0 0 3 1 0 0 14 1 16 0 1 0 0 0 
1 739324 3 1 0 3 0 6 0 12 0 0 0 0 0 0 0 2 0 0 0 0 0 0 0 0 3 0 0 3 0 0 3 0 0 2 0 22 0 0 0 0 4 0 9 2 8 0 0 4 0 1 0 16 
1 740050 4 1 0 3 0 0 0 0 5 0 0 0 1 1 0 0 3 0 0 0 0 0 26 0 3 0 0 0 0 0 0 0 0 0 0 19 0 0 0 0 4 0 0 4 23 2 0 0 4 0 0 2 
1 741705 24 1 0 3 0 15 0 0 0 0 0 0 0 2 0 0 3 0 4 0 0 0 21 3 3 0 0 0 0 1 2 0 0 0 2 24 3 0 0 0 4 0 0 1 6 2 0 0 0 0 0 1 
1 746819 27 1 10 3 4 0 0 10 2 0 2 0 0 14 0 0 0 0 4 0 0 0 0 6 3 0 0 0 0 0 0 1 0 0 0 1 0 0 1 1 5 0 0 3 1 27 0 0 0 2 0 0 
1 753559 21 1 0 3 0 0 0 0 1 0 0 0 0 0 0 0 0 21 0 0 0 7 0 6 0 0 0 0 0 0 2 0 2 0 0 4 0 0 0 1 29 1 0 0 0 1 10 3 0 9 0 0 
1 754615 18 1 0 3 0 0 0 1 0 1 7 3 0 0 0 30 0 0 0 3 10 3 2 6 0 0 0 0 3 0 0 0 0 0 0 1 0 0 7 0 0 18 0 0 1 1 0 0 0 0 0 0 
1 770758 15 1 3 6 0 0 0 0 3 2 0 2 1 15 0 0 5 0 0 0 0 2 0 6 0 0 0 3 8 0 0 0 0 0 1 2 0 0 0 0 2 0 3 0 22 3 0 1 6 0 0 4 
1 778924 17 1 3 7 0 0 0 0 1 0 0 0 0 0 3 0 1 3 0 0 0 1 13 7 0 0 0 0 0 0 0 0 0 0 0 0 0 0 11 17 0 17 0 11 0 2 1 2 0 0 0 0 
1 779272 10 1 1 7 0 0 0 0 5 0 1 0 0 0 0 0 1 1 0 0 0 0 0 7 0 0 0 3 10 0 0 0 0 0 0 0 0 0 11 16 0 4 4 10 0 2 14 2 1 0 0 0 
1 780765 2 1 1 7 0 0 2 0 5 0 0 4 0 0 1 0 0 1 0 10 0 0 0 5 0 0 4 0 0 7 0 0 0 0 0 0 0 0 6 10 2 4 0 17 0 3 2 1 0 0 7 1 
1 785097 25 1 0 7 22 1 1 0 0 0 0 0 0 0 0 0 0 6 0 3 0 1 6 2 0 1 0 1 0 0 0 4 0 0 0 4 0 0 25 0 0 4 0 0 0 4 0 0 7 1 0 0 
1 785367 5 1 5 7 6 0 1 0 0 0 0 0 0 0 0 14 0 1 0 4 0 2 0 5 0 0 0 0 0 0 0 2 24 0 0 0 0 0 0 0 5 4 8 0 0 3 0 1 5 0 3 0 
1 785415 9 1 0 7 19 0 1 0 3 0 0 0 0 0 0 1 1 3 0 9 0 2 0 5 0 0 5 0 1 0 0 2 22 0 0 0 0 0 0 3 0 4 7 0 0 0 0 4 0 1 0 0 
1 788701 24 1 2 7 0 0 1 0 0 1 4 0 1 0 9 0 0 1 0 0 0 1 0 2 0 0 0 0 0 5 0 0 0 0 0 0 0 0 0 3 0 7 0 0 0 1 0 3 3 25 0 24 
1 804332 10 1 0 0 0 0 0 17 0 0 2 1 0 0 3 0 0 0 5 1 0 10 2 0 0 0 1 0 3 4 1 0 16 0 0 1 0 0 0 13 0 3 1 0 0 4 1 2 4 0 0 5 
1 807534 27 1 0 0 2 0 0 15 0 0 0 1 1 0 2 0 0 13 0 8 0 4 6 0 0 1 0 1 6 0 0 0 0 2 0 0 0 2 0 0 0 0 1 1 0 5 1 1 0 0 0 27 
1 808718 1 1 0 0 2 0 0 15 0 0 1 0 4 0 0 0 27 14 0 7 0 4 6 1 0 0 0 0 0 1 0 0 0 0 2 3 0 0 0 0 1 1 1 2 0 5 1 1 1 0 0 0 
1 808721 1 1 0 0 1 0 0 15 0 0 3 1 2 0 0 0 29 14 0 7 0 4 6 0 0 0 0 1 0 1 1 0 0 0 0 3 0 1 0 0 0 0 1 1 0 5 1 1 2 0 0 0 
1 808801 3 1 0 0 1 0 28 15 0 0 2 1 1 0 0 3 3 14 0 7 0 4 6 2 0 0 1 1 0 0 0 0 0 0 0 1 0 0 0 0 0 0 1 0 0 5 1 1 0 1 1 0 
1 809387 15 1 0 0 0 0 14 15 0 0 3 0 0 0 0 1 0 15 4 3 0 4 6 0 0 0 0 0 0 1 0 0 0 3 2 3 0 16 0 0 0 0 1 0 0 5 1 1 1 1 0 0 
1 810050 24 1 0 0 1 0 6 15 0 0 2 1 0 0 0 0 0 4 0 2 0 0 6 16 0 1 2 2 0 1 0 0 0 0 0 0 0 3 0 24 1 0 1 0 0 5 1 1 5 0 0 0 
1 810493 6 1 0 0 3 0 6 14 0 0 1 0 0 0 12 0 0 4 0 2 0 0 6 5 0 0 3 0 2 0 0 0 0 0 1 0 0 27 0 0 1 0 1 0 0 5 1 1 4 0 1 0 
1 810839 32 1 0 0 0 0 0 18 0 0 1 1 0 0 0 1 0 4 18 2 0 0 6 0 3 1 1 1 0 1 0 0 0 0 0 1 0 32 0 0 0 0 1 0 0 5 1 1 0 0 1 0 
1 812265 17 1 2 1 0 0 0 18 0 2 1 0 0 0 0 0 1 4 0 2 1 0 1 0 0 0 0 2 0 5 0 16 0 0 0 0 0 0 0 0 2 0 1 0 0 5 1 1 17 0 17 0 
1 814006 5 1 0 0 14 0 0 5 9 7 1 1 1 1 7 0 1 4 0 17 0 0 1 3 0 0 0 0 0 3 0 0 0 0 0 0 1 0 0 0 1 0 0 0 0 5 0 1 15 0 2 0 
1 814015 2 1 0 0 18 0 0 0 9 7 2 0 1 1 7 0 0 4 0 17 0 0 1 3 0 0 0 0 0 3 0 0 0 0 2 0 1 0 0 0 1 0 0 0 0 5 0 1 15 0 2 0 
1 815287 4 1 0 13 0 0 0 0 0 7 11 0 0 0 4 0 0 6 0 0 11 0 0 10 5 6 0 0 4 1 0 0 0 0 0 0 5 0 0 0 7 0 0 0 0 6 0 0 4 0 0 0 
1 815612 7 1 0 16 3 0 0 0 0 5 11 0 0 0 5 0 2 7 0 4 4 0 0 9 7 11 1 0 0 0 0 0 0 0 0 1 0 0 3 0 1 0 0 0 0 6 0 0 4 0 0 0 
1 817328 2 1 0 1 0 0 0 0 0 13 7 2 0 0 9 2 4 7 0 0 5 0 6 0 6 8 0 0 0 4 2 0 3 0 0 0 0 0 0 0 0 0 0 0 1 1 1 5 2 0 11 0 
1 817805 4 1 0 4 0 0 0 0 0 12 7 7 0 0 4 5 0 7 8 6 0 0 7 0 1 12 0 0 0 5 2 0 0 3 1 0 0 0 0 0 1 0 0 0 0 6 0 0 2 0 0 0 
1 817850 8 1 0 0 1 0 0 0 0 12 7 7 0 0 8 3 0 7 9 0 0 0 7 0 3 10 0 0 0 5 2 4 0 4 1 0 1 0 0 0 0 0 0 0 1 0 0 6 2 0 0 0 
1 820736 9 1 2 0 0 0 0 0 5 17 7 3 0 1 0 3 0 5 1 0 0 0 0 1 3 2 0 14 0 1 1 4 0 6 4 1 2 0 0 0 0 0 0 0 0 6 9 0 2 0 0 0 
1 820817 8 1 5 0 0 1 0 0 4 17 7 3 0 0 0 2 0 5 1 0 0 0 0 1 4 1 0 9 0 4 1 3 0 7 1 6 2 0 0 0 0 0 0 0 0 0 0 6 2 0 8 0 
1 820930 9 1 8 0 0 0 0 0 4 17 7 3 0 0 0 3 0 5 1 0 0 0 0 9 3 0 1 4 0 3 1 3 1 7 2 10 0 0 0 0 0 0 0 0 0 6 0 0 2 0 0 0 
1 821023 16 1 16 0 0 0 0 0 3 16 7 3 0 0 0 3 0 5 1 0 0 0 0 0 3 2 11 4 0 4 1 3 0 7 2 0 0 0 0 0 1 0 0 0 0 6 0 0 2 0 0 0 
1 822263 9 1 0 0 0 0 0 0 9 0 7 0 0 18 0 2 0 6 0 0 0 0 0 0 4 13 0 6 0 5 0 0 0 0 17 0 2 0 0 0 0 0 0 0 2 0 1 6 2 0 0 0 
1 835460 6 1 3 0 0 0 0 8 1 2 1 0 0 0 0 0 0 13 0 0 1 0 0 3 0 13 0 1 0 6 10 1 0 0 0 0 5 4 0 9 0 4 0 0 0 2 2 6 0 1 0 4 
1 838587 9 1 0 0 0 0 0 4 6 0 0 0 0 0 0 2 1 12 10 0 1 0 0 0 2 17 0 5 0 7 0 1 0 0 3 0 1 3 0 9 0 5 0 0 0 7 2 0 0 1 0 1 
1 838895 16 1 2 0 0 0 0 0 10 0 0 0 0 0 1 0 1 2 10 0 1 0 0 5 0 17 0 5 0 7 0 0 1 0 3 0 1 4 0 10 0 0 1 0 0 16 2 0 0 0 0 1 
1 840724 7 1 1 0 0 0 0 9 0 0 0 0 0 0 0 0 0 5 6 1 0 0 0 6 0 17 0 0 3 3 4 0 0 0 3 1 16 7 2 9 0 0 2 0 0 2 2 0 0 0 0 1 
1 841358 4 1 0 0 0 0 0 8 1 0 0 0 0 0 0 1 0 5 11 0 1 1 0 4 0 17 0 1 4 5 0 0 0 0 3 0 16 0 0 9 0 0 1 5 1 1 2 0 3 0 0 0 
1 842112 4 1 0 0 0 0 0 6 3 0 0 0 0 0 0 0 0 5 10 0 0 1 0 2 0 17 1 3 0 6 0 0 0 0 2 0 16 0 1 9 4 2 1 5 1 2 2 0 0 0 0 1 
1 843145 9 1 0 0 0 0 0 8 1 0 0 0 0 0 0 1 0 5 6 0 0 0 1 2 2 17 0 0 0 6 4 0 2 0 1 0 18 0 5 9 3 2 0 2 1 2 2 0 0 0 0 0 
1 846943 2 1 0 0 0 0 0 0 3 2 0 0 3 2 0 2 0 6 0 0 4 1 1 7 1 30 0 2 0 8 0 0 0 0 3 0 3 8 0 2 0 1 0 4 0 5 2 0 0 0 0 0 
1 847111 3 1 0 0 0 0 0 3 2 0 0 0 3 2 0 4 0 6 0 0 0 1 1 7 1 30 0 0 0 7 0 0 0 0 3 0 5 8 0 2 0 3 0 0 4 6 2 0 0 0 0 0 
1 847306 5 1 0 0 0 0 0 7 1 4 0 0 3 2 0 5 0 6 0 0 0 8 0 7 0 21 1 0 0 7 0 0 0 0 13 0 0 1 0 2 0 0 0 0 4 6 2 0 0 0 0 0 
1 850577 5 1 1 0 0 5 0 1 4 3 1 0 0 0 0 0 2 0 13 0 0 5 1 3 3 0 0 0 0 12 0 0 3 0 5 3 2 0 0 9 0 1 0 3 0 16 2 0 0 0 0 2 
1 851752 21 1 0 3 0 0 0 1 6 8 1 0 5 0 0 4 2 1 3 0 0 5 0 3 5 0 1 0 0 1 21 0 3 0 5 0 4 0 0 5 0 1 0 0 0 9 2 0 1 0 0 0 
1 859864 14 1 1 0 0 0 0 0 0 0 1 0 0 0 0 5 1 3 24 1 0 14 0 0 0 0 0 0 0 3 3 0 0 0 0 1 24 0 1 1 3 5 1 0 1 0 2 0 2 1 0 2 
1 869961 10 1 0 0 0 0 1 0 10 0 2 0 0 1 0 10 0 0 5 1 1 0 1 2 1 19 0 0 1 21 0 0 1 0 1 2 5 0 2 6 2 0 1 0 0 0 1 0 0 2 1 0 
1 875586 7 1 0 0 0 0 0 10 35 0 0 7 0 0 0 24 0 0 0 0 0 0 0 1 0 0 0 0 2 0 0 0 3 0 0 2 0 0 1 0 0 7 8 0 0 0 0 0 0 0 0 0 
1 877891 1 1 0 1 0 0 0 0 34 0 0 0 0 5 0 24 0 0 1 0 0 0 0 0 0 0 0 2 1 1 0 1 1 0 0 0 3 0 0 8 1 0 8 0 0 0 0 5 4 0 0 0 
1 877909 1 1 0 1 0 1 0 0 34 0 0 0 0 5 0 18 0 0 1 0 0 0 0 0 0 0 0 2 1 1 0 1 1 0 0 0 3 0 0 1 6 7 8 0 0 0 0 5 4 0 0 0 
1 877910 1 1 0 5 1 0 0 0 34 0 0 0 0 5 0 18 0 0 1 0 0 0 0 0 0 0 0 1 1 1 0 2 1 0 0 0 3 0 0 3 6 5 8 0 0 0 1 0 4 0 0 0 
1 877913 1 1 0 5 1 0 0 0 33 0 0 0 0 5 0 18 0 0 1 0 0 0 0 1 0 0 0 2 1 1 0 1 1 0 0 0 3 0 0 0 6 7 8 1 0 0 1 0 4 0 0 0 
1 877916 1 1 0 5 0 1 0 0 33 0 0 0 0 5 0 17 0 0 1 0 0 0 0 4 0 0 0 2 1 1 0 1 1 0 0 0 3 0 0 0 6 4 8 1 0 0 1 0 4 0 0 1 
1 877923 1 1 1 5 0 0 0 1 32 0 0 0 0 5 0 17 0 0 1 0 0 0 0 0 0 0 0 1 1 1 0 2 1 0 0 0 3 0 0 0 6 8 8 1 0 0 1 0 4 0 0 1 
1 877931 1 1 1 5 0 0 0 0 32 0 0 0 0 5 1 17 0 0 1 0 0 0 1 0 0 0 0 2 1 1 0 0 1 0 0 0 3 0 0 0 6 8 8 1 0 0 0 0 5 0 0 1 
1 878021 3 1 1 5 0 0 0 0 32 0 0 0 2 5 0 17 0 0 1 0 0 0 0 2 0 0 0 2 1 1 0 1 1 0 0 0 3 3 0 0 6 6 8 1 0 0 0 0 1 0 0 1 
1 880014 10 1 1 6 0 0 0 0 0 0 6 0 6 3 0 6 9 0 1 0 0 10 11 5 0 0 1 0 0 1 0 0 1 1 0 1 0 0 0 0 6 3 0 1 0 0 0 0 20 0 0 1 
1 880016 16 1 1 6 0 0 0 0 0 0 6 0 16 3 0 6 9 0 1 0 0 0 11 4 0 0 1 0 0 1 0 0 1 0 1 0 0 0 0 0 6 4 0 1 1 0 0 0 20 0 0 1 
1 880272 36 1 1 6 0 0 0 1 6 0 0 0 0 3 0 4 0 0 1 1 0 0 13 3 0 0 0 0 0 1 1 0 1 0 0 0 0 0 1 4 6 1 0 1 0 0 0 0 36 8 0 1 
1 880404 1 1 1 6 0 38 0 0 0 0 0 8 0 3 0 4 0 0 1 0 1 0 13 3 0 4 1 0 0 1 0 0 1 0 0 0 0 0 0 5 6 0 0 1 0 1 0 0 0 1 0 1 
1 880405 1 1 1 6 0 38 0 0 0 0 1 9 0 3 0 0 0 0 1 0 1 0 8 3 0 4 1 0 0 1 0 0 1 0 0 0 0 0 0 5 6 0 0 1 0 9 0 0 0 0 0 1 
1 880409 1 1 1 6 0 36 0 0 0 1 0 9 0 3 0 0 0 0 1 0 1 0 8 6 0 4 0 2 0 1 0 0 1 0 1 0 0 0 0 2 6 0 0 1 0 9 0 0 0 0 0 1 
1 880410 1 1 1 6 0 36 0 0 1 0 0 9 0 3 0 0 0 0 1 0 1 0 0 3 0 4 0 2 0 1 1 0 1 0 17 0 0 0 0 5 6 0 0 1 0 0 0 0 0 0 0 1 
1 881063 6 1 1 6 0 35 0 0 0 6 0 0 0 3 0 4 0 0 1 0 1 0 0 0 0 0 0 3 0 1 6 0 1 0 13 0 0 0 0 2 6 0 0 1 0 0 0 0 0 9 0 1 
1 884263 9 1 2 0 1 2 0 0 3 2 1 0 1 1 0 2 9 0 1 3 0 0 7 1 10 0 0 7 16 1 6 4 1 0 2 0 0 0 2 1 6 0 3 1 1 3 0 0 0 0 0 0 
1 884384 2 1 2 2 15 1 0 0 4 2 1 0 1 0 0 2 4 0 1 0 0 0 5 0 8 0 0 7 0 1 6 8 1 0 0 0 0 0 2 1 6 1 12 1 2 3 0 0 0 0 1 0 
1 887658 12 1 2 0 0 14 0 0 0 0 1 0 1 1 0 0 4 0 1 1 0 1 0 0 0 0 0 6 0 1 6 0 1 0 0 1 34 0 2 0 6 0 0 1 0 12 0 2 0 2 0 0 
1 889345 4 1 1 0 2 19 0 2 1 1 1 0 1 0 0 1 5 0 1 2 0 0 1 0 2 0 3 5 1 0 2 0 0 4 1 1 4 3 11 0 6 0 10 1 0 4 1 2 0 1 0 0 
1 889419 18 1 2 0 0 0 1 4 1 1 0 0 1 0 0 0 5 0 1 0 0 0 0 0 0 8 0 5 18 0 2 2 0 0 2 1 5 3 11 0 6 0 10 1 1 4 1 2 0 1 1 0 
1 889444 13 1 2 0 0 13 2 9 2 1 0 0 1 1 0 0 5 0 1 0 0 0 0 0 0 8 0 5 0 0 2 0 0 0 1 0 6 3 11 0 6 0 10 1 0 4 2 2 0 1 1 0 
1 889524 22 1 1 0 0 0 0 22 0 1 1 0 1 1 0 1 5 0 1 0 0 1 0 0 0 8 0 5 0 0 2 0 0 0 2 1 8 3 11 0 6 0 10 1 0 4 1 2 0 0 1 0 
1 889989 28 1 1 0 0 0 0 0 0 1 1 1 1 1 0 1 5 0 1 0 0 0 0 0 2 0 28 5 1 0 2 8 0 0 0 1 0 1 11 0 6 0 10 1 0 4 3 2 2 0 0 0 
1 890418 24 1 2 0 7 0 0 0 24 1 1 0 1 0 0 0 5 0 1 0 0 0 0 0 7 0 0 5 1 0 2 0 0 0 1 1 0 1 11 0 6 0 10 1 1 4 2 2 2 1 0 0 
1 890490 32 1 2 0 32 0 0 0 0 1 1 0 1 1 0 0 1 0 1 0 1 0 0 0 4 0 0 5 0 4 2 2 0 0 1 1 0 1 11 0 6 0 10 1 0 4 2 2 2 1 0 0 
1 890715 30 1 0 0 0 0 1 0 0 1 0 1 1 0 0 2 2 0 1 1 1 0 0 0 5 3 0 5 0 3 2 30 0 0 0 1 0 1 4 3 6 4 10 1 0 4 3 2 2 0 0 0 
1 891331 33 1 1 0 0 0 2 0 0 1 0 0 1 0 1 1 3 0 1 0 1 0 1 0 3 3 0 5 0 2 2 0 0 0 0 0 0 1 6 1 6 4 10 1 1 4 2 2 33 1 0 0 
1 891336 34 1 1 0 0 0 2 0 0 1 0 0 1 0 34 1 0 0 1 0 1 0 0 1 3 0 0 5 0 5 2 0 3 0 1 0 0 0 6 0 6 4 10 1 1 4 2 2 0 2 0 0 
1 892814 40 1 1 0 0 0 1 1 0 1 0 0 1 0 0 1 0 0 1 0 1 0 1 3 0 0 0 7 0 4 2 0 0 0 1 0 40 1 4 0 6 4 10 1 0 4 1 1 0 0 2 0 
1 897646 5 1 0 0 0 1 2 10 1 0 2 1 4 1 0 2 1 1 1 0 0 0 1 0 0 0 0 2 0 3 4 0 31 0 1 0 0 0 0 5 1 7 10 1 1 3 1 1 0 0 1 0 
1 902683 6 1 2 0 22 2 1 5 2 1 2 0 6 0 0 0 4 0 0 1 0 12 1 8 6 0 0 1 0 0 2 0 0 0 0 1 1 0 3 0 3 0 7 1 1 2 1 0 0 0 0 2 
1 906330 10 1 2 0 13 1 1 5 1 2 0 5 1 0 0 0 4 0 0 2 0 7 1 1 0 0 0 1 1 0 10 0 4 0 0 1 0 0 10 0 0 0 7 3 3 0 1 0 1 11 0 1 
1 910731 22 1 2 7 0 0 4 1 0 1 2 0 2 0 0 0 4 0 0 1 0 0 0 0 0 6 0 5 0 0 0 0 22 0 0 1 3 12 0 0 5 1 1 0 10 0 1 0 0 8 1 0 
1 913798 3 1 2 0 9 0 0 15 7 0 2 9 0 0 1 1 4 0 0 0 11 0 0 0 4 9 0 2 0 0 0 2 1 0 0 1 1 0 0 0 0 0 3 0 10 2 1 0 0 0 1 2 
1 916653 7 1 4 1 2 0 1 17 4 0 1 0 0 0 1 4 4 0 9 2 0 5 0 0 7 7 0 1 0 0 0 5 0 0 0 1 1 0 0 0 0 0 4 4 10 0 1 0 0 1 1 2 
1 922101 10 1 1 0 10 2 0 6 1 2 0 0 1 1 2 0 0 1 0 0 0 1 1 0 0 8 0 0 0 4 0 11 4 0 0 1 2 16 0 0 4 1 4 5 11 0 0 0 0 0 0 0 
1 922497 2 1 0 1 12 2 1 6 2 2 0 2 0 0 2 0 4 0 0 0 0 1 1 3 0 8 0 1 0 0 0 1 0 0 0 1 2 0 0 0 0 5 4 4 11 0 0 0 0 19 5 0 
1 924353 8 1 0 1 2 0 0 4 6 0 4 0 1 2 0 0 4 0 0 0 0 0 0 0 0 8 0 0 0 1 1 6 1 0 0 1 1 0 0 0 5 1 3 0 0 3 11 0 0 24 4 6 
1 926611 11 1 0 2 3 1 0 22 0 0 1 1 0 2 0 0 2 4 0 0 0 0 0 0 1 11 0 0 0 4 0 0 0 0 0 1 0 5 0 0 4 4 2 0 5 7 6 1 0 0 0 11 
1 930039 5 1 0 3 11 0 0 1 0 18 0 5 3 0 19 0 4 0 0 0 0 0 0 0 0 0 0 0 1 3 0 1 0 0 0 2 5 2 0 0 0 2 0 2 4 0 0 0 5 1 1 7 
1 930774 3 1 0 0 11 2 0 2 0 1 4 0 0 0 19 0 5 0 6 0 0 0 0 0 0 0 0 0 0 2 1 4 1 0 0 2 0 7 0 0 0 6 0 13 0 0 6 0 0 0 3 5 
1 932136 14 1 0 0 14 2 0 2 0 0 2 0 1 0 18 0 4 1 0 0 10 0 0 0 0 0 0 0 0 3 3 0 0 0 0 2 3 7 0 0 0 1 0 15 7 0 0 0 0 1 0 4 
1 935497 20 1 0 0 0 1 0 8 0 0 0 2 20 1 1 5 4 0 0 0 4 0 0 0 0 0 1 0 1 3 2 0 0 0 0 2 0 4 0 0 2 3 0 18 3 5 4 0 3 1 0 2 
1 938901 6 1 0 3 0 1 0 0 0 0 0 2 1 0 7 0 4 0 1 19 6 1 0 0 0 0 1 0 0 3 3 2 2 0 0 1 1 3 1 5 3 1 0 0 8 2 0 0 1 0 0 18 
1 939978 15 1 2 0 0 1 0 1 0 0 0 2 1 1 4 0 4 0 0 0 2 1 1 0 1 0 1 14 0 2 0 1 0 0 1 0 1 0 5 4 9 0 0 0 15 3 0 4 17 1 1 0 
1 943728 7 1 0 0 2 1 0 3 0 0 0 2 0 0 7 1 3 0 0 0 3 0 5 2 4 0 1 16 0 3 5 1 5 0 12 1 0 0 3 0 6 0 0 0 2 0 7 3 0 1 1 0 
1 952247 19 1 2 1 0 19 0 1 0 0 0 0 5 0 7 0 1 0 1 0 18 0 2 3 0 1 0 1 0 3 3 1 5 0 0 3 0 3 0 0 4 0 0 0 0 1 1 0 0 1 1 12 
1 957363 5 1 24 0 0 0 0 0 0 0 0 0 1 0 0 0 5 0 0 0 0 5 4 0 0 2 2 4 1 0 0 0 5 0 0 4 0 3 19 0 5 1 0 0 1 1 1 0 1 0 11 0 
1 968520 5 1 0 1 0 0 0 0 0 0 0 9 8 0 0 0 4 0 3 0 0 0 0 0 0 2 0 16 3 1 0 0 7 0 0 8 4 4 7 2 2 0 0 0 0 0 5 0 0 0 8 6 
1 970084 10 1 9 1 0 0 0 0 0 0 0 0 5 0 0 0 0 0 3 0 0 3 0 0 0 2 0 0 2 0 0 2 7 0 2 7 0 5 10 0 20 0 0 0 0 0 0 0 0 0 18 4 
1 973506 22 1 0 0 0 5 0 0 0 0 0 0 12 0 0 0 0 0 3 1 0 0 0 1 0 4 8 1 0 0 0 0 2 0 0 3 0 31 0 0 22 3 0 0 0 4 0 0 0 0 0 0 
1 974172 33 1 4 0 0 3 1 0 0 0 0 0 8 0 0 3 0 0 3 0 0 0 0 0 0 4 0 22 0 0 0 0 4 0 0 3 0 33 0 0 0 4 0 0 0 5 0 0 0 0 3 0 
1 977778 33 1 7 0 1 0 0 0 0 0 0 0 15 0 0 0 0 0 3 0 0 5 0 0 0 4 0 9 9 7 0 0 2 0 0 0 0 5 0 0 0 0 0 0 0 0 0 0 0 0 33 0 
1 977871 13 1 0 0 0 0 0 0 0 1 0 0 15 0 0 0 4 0 3 0 0 5 0 0 0 4 0 18 16 7 0 0 2 0 0 0 0 5 0 0 0 0 0 0 0 5 0 0 0 2 0 13 
1 977966 40 1 0 0 1 2 0 0 0 0 0 0 6 0 0 0 12 0 3 0 0 5 0 0 0 4 0 40 8 7 0 0 0 0 0 0 0 5 0 7 0 0 0 0 0 0 0 0 0 0 0 0 
1 978244 23 1 0 1 0 2 0 1 0 0 0 0 0 0 0 0 23 0 3 0 0 5 0 0 0 4 0 0 43 7 6 0 0 0 0 0 0 5 0 0 0 0 0 0 0 0 0 0 0 0 0 0 
1 979316 66 1 0 0 0 0 0 0 0 0 0 0 0 0 0 0 0 0 5 0 0 4 0 0 0 4 0 0 66 6 0 1 2 0 0 0 0 5 0 6 0 0 0 1 0 0 0 0 0 0 0 0 
1 981228 8 1 1 0 0 2 0 0 0 0 4 0 62 0 0 0 0 0 6 0 4 0 0 0 0 4 1 0 0 0 0 0 0 0 0 1 0 0 0 0 0 0 0 3 0 8 0 0 0 0 0 4 
1 983429 5 1 0 0 0 1 3 0 0 0 2 0 62 0 5 1 0 0 10 0 0 0 3 0 0 1 0 0 0 0 1 0 1 2 0 1 0 0 0 0 0 1 0 1 0 0 0 0 0 5 0 0 
1 985199 1 1 0 0 0 1 0 0 0 0 0 0 62 0 0 3 0 0 9 0 0 1 3 2 0 1 2 0 0 0 4 0 1 0 1 1 0 0 0 2 0 0 1 4 0 0 0 0 0 1 0 1 
1 985206 1 1 0 0 0 1 0 0 0 0 0 0 62 0 0 0 0 0 9 0 0 1 3 2 1 1 2 0 0 0 4 0 1 0 0 1 0 1 0 2 0 0 1 4 2 0 0 0 1 0 0 1 
1 985207 2 1 0 0 0 1 0 0 0 0 0 0 62 0 0 0 0 0 9 0 0 1 3 2 0 1 2 0 0 0 4 1 1 0 0 1 0 2 0 2 0 0 1 4 2 0 0 0 0 0 0 1 
1 985585 4 1 4 0 0 1 0 1 0 0 1 0 41 0 0 0 0 0 9 0 1 0 3 1 0 1 1 0 0 4 6 0 1 0 1 1 0 21 0 0 0 0 1 0 0 0 0 0 0 0 0 1 
1 988619 22 1 0 2 0 1 1 0 0 0 0 0 9 0 1 2 1 0 8 0 1 0 3 1 32 0 1 0 0 0 5 0 0 0 1 1 0 0 0 1 0 0 0 0 4 0 0 1 1 0 1 22 
1 994439 6 1 0 0 0 0 1 7 0 1 0 1 0 0 0 0 3 2 0 0 2 0 0 1 41 3 1 0 1 0 24 0 0 0 0 1 0 0 6 0 1 1 0 0 1 0 0 1 0 0 1 0 
1 996076 12 1 1 0 0 0 2 0 0 0 0 1 1 0 0 0 3 1 5 0 3 0 0 1 40 3 1 0 1 0 12 1 0 0 0 1 0 6 0 0 0 0 2 1 11 0 0 0 1 1 1 0 
1 999069 8 1 1 0 0 0 1 0 0 1 0 0 0 0 0 0 3 2 0 0 8 2 3 0 39 0 1 0 1 0 3 0 0 0 0 0 0 0 3 0 0 2 20 0 5 0 0 1 0 3 1 0 
