# Number of caught targets in hetero or homo sets (accumulated over time)
# col1: Update time, col2: Number of targets caught by DCS in hetero sets, col3: Number of targets caught by GCS in hetero sets, col4: Number of targets caught by DCS in homo sets, col5: Number of targets caught by GCS in homo sets, col6: Total number of caught targets
0 0.000000 0.000000 0.000000 0.000000 0.000000
1000 0.500000 0.000000 0.000000 0.000000 0.500000
2000 0.500000 0.000000 0.000000 0.500000 1.000000
3000 0.500000 0.000000 0.000000 0.500000 1.000000
4000 0.500000 0.000000 0.000000 0.500000 1.000000
5000 1.000000 0.000000 0.000000 0.500000 1.500000
6000 1.000000 0.000000 0.000000 0.500000 1.500000
7000 1.000000 0.000000 0.000000 1.000000 2.000000
8000 1.000000 0.000000 0.500000 1.000000 2.500000
9000 1.000000 0.000000 0.500000 2.500000 4.000000
10000 1.000000 0.000000 0.500000 2.500000 4.000000
11000 1.000000 0.000000 0.500000 2.500000 4.000000
12000 1.000000 0.000000 0.500000 2.500000 4.000000
13000 1.000000 0.000000 0.500000 3.000000 4.500000
14000 1.000000 0.500000 0.500000 3.000000 5.000000
15000 1.500000 0.500000 0.500000 3.000000 5.500000
16000 1.500000 1.000000 0.500000 3.000000 6.000000
17000 2.000000 1.000000 0.500000 3.000000 6.500000
18000 2.000000 1.000000 0.500000 4.000000 7.500000
19000 2.000000 1.500000 0.500000 4.000000 8.000000
20000 2.000000 1.500000 0.500000 4.000000 8.000000
21000 2.000000 1.500000 0.500000 4.000000 8.000000
22000 2.000000 1.500000 0.500000 4.000000 8.000000
23000 2.000000 1.500000 0.500000 4.000000 8.000000
24000 2.000000 1.500000 0.500000 4.000000 8.000000
25000 2.000000 1.500000 0.500000 4.000000 8.000000
26000 2.000000 1.500000 0.500000 4.000000 8.000000
27000 2.000000 1.500000 0.500000 4.500000 8.500000
28000 2.000000 1.500000 0.500000 4.500000 8.500000
29000 2.000000 1.500000 0.500000 4.500000 8.500000
30000 2.000000 1.500000 0.500000 4.500000 8.500000
31000 2.000000 1.500000 0.500000 4.500000 8.500000
32000 2.000000 1.500000 0.500000 4.500000 8.500000
33000 2.000000 1.500000 0.500000 5.000000 9.000000
34000 2.000000 1.500000 0.500000 5.000000 9.000000
35000 2.000000 1.500000 0.500000 5.000000 9.000000
36000 2.000000 1.500000 0.500000 5.000000 9.000000
37000 2.000000 1.500000 0.500000 5.000000 9.000000
38000 2.000000 1.500000 0.500000 5.000000 9.000000
39000 2.000000 1.500000 0.500000 5.000000 9.000000
40000 2.500000 1.500000 1.500000 5.000000 10.500000
41000 2.500000 2.500000 2.000000 5.000000 12.000000
42000 2.500000 2.500000 2.000000 5.000000 12.000000
43000 2.500000 2.500000 2.000000 5.000000 12.000000
44000 2.500000 2.500000 2.000000 5.000000 12.000000
45000 2.500000 3.000000 2.000000 5.000000 12.500000
46000 3.000000 3.000000 2.000000 5.000000 13.000000
47000 3.500000 3.000000 2.000000 5.500000 14.000000
48000 3.500000 3.000000 2.000000 5.500000 14.000000
49000 3.500000 3.500000 2.000000 5.500000 14.500000
50000 3.500000 3.500000 2.000000 5.500000 14.500000
51000 3.500000 3.500000 2.000000 5.500000 14.500000
52000 3.500000 3.500000 2.000000 5.500000 14.500000
53000 3.500000 3.500000 2.000000 5.500000 14.500000
54000 3.500000 3.500000 2.000000 5.500000 14.500000
55000 3.500000 3.500000 2.000000 5.500000 14.500000
56000 3.500000 3.500000 2.000000 5.500000 14.500000
57000 3.500000 3.500000 2.000000 5.500000 14.500000
58000 3.500000 3.500000 2.000000 5.500000 14.500000
59000 3.500000 3.500000 2.000000 5.500000 14.500000
60000 3.500000 3.500000 2.000000 5.500000 14.500000
61000 3.500000 3.500000 2.000000 5.500000 14.500000
62000 3.500000 4.000000 2.000000 5.500000 15.000000
63000 3.500000 4.000000 2.000000 5.500000 15.000000
64000 3.500000 4.000000 2.000000 5.500000 15.000000
65000 3.500000 4.000000 2.000000 5.500000 15.000000
66000 4.000000 4.000000 2.000000 6.000000 16.000000
67000 4.000000 4.000000 2.000000 6.000000 16.000000
68000 4.000000 4.000000 2.000000 6.000000 16.000000
69000 4.500000 4.000000 2.000000 6.000000 16.500000
70000 4.500000 4.000000 2.000000 6.000000 16.500000
71000 4.500000 4.000000 2.000000 6.000000 16.500000
72000 4.500000 4.000000 2.000000 6.000000 16.500000
73000 4.500000 4.000000 2.000000 6.000000 16.500000
74000 4.500000 4.000000 2.500000 6.000000 17.000000
75000 4.500000 4.000000 2.500000 6.000000 17.000000
76000 4.500000 4.000000 2.500000 6.000000 17.000000
77000 4.500000 4.000000 2.500000 6.000000 17.000000
78000 4.500000 4.000000 2.500000 6.500000 17.500000
79000 4.500000 4.000000 2.500000 6.500000 17.500000
80000 4.500000 4.000000 2.500000 6.500000 17.500000
81000 4.500000 4.000000 2.500000 6.500000 17.500000
82000 4.500000 4.000000 2.500000 6.500000 17.500000
83000 4.500000 4.000000 2.500000 6.500000 17.500000
84000 4.500000 4.500000 2.500000 6.500000 18.000000
85000 4.500000 4.500000 2.500000 6.500000 18.000000
86000 4.500000 4.500000 2.500000 6.500000 18.000000
87000 4.500000 4.500000 2.500000 6.500000 18.000000
88000 4.500000 4.500000 2.500000 7.000000 18.500000
89000 4.500000 4.500000 2.500000 7.000000 18.500000
90000 4.500000 4.500000 2.500000 7.000000 18.500000
91000 5.000000 4.500000 2.500000 7.500000 19.500000
92000 5.000000 4.500000 2.500000 7.500000 19.500000
93000 5.000000 4.500000 2.500000 7.500000 19.500000
94000 5.000000 4.500000 2.500000 7.500000 19.500000
95000 5.000000 4.500000 2.500000 7.500000 19.500000
96000 5.000000 5.000000 2.500000 7.500000 20.000000
97000 5.000000 5.000000 2.500000 7.500000 20.000000
98000 5.500000 5.000000 2.500000 7.500000 20.500000
99000 5.500000 5.000000 2.500000 7.500000 20.500000
100000 5.500000 5.000000 2.500000 8.000000 21.000000
101000 5.500000 5.500000 2.500000 8.000000 21.500000
102000 5.500000 5.500000 2.500000 8.000000 21.500000
103000 5.500000 5.500000 2.500000 8.000000 21.500000
104000 6.500000 5.500000 2.500000 8.000000 22.500000
105000 6.500000 5.500000 2.500000 8.000000 22.500000
106000 6.500000 5.500000 2.500000 8.500000 23.000000
107000 6.500000 5.500000 2.500000 8.500000 23.000000
108000 6.500000 5.500000 2.500000 8.500000 23.000000
109000 6.500000 5.500000 2.500000 8.500000 23.000000
110000 6.500000 5.500000 2.500000 8.500000 23.000000
111000 7.500000 5.500000 3.000000 9.000000 25.000000
112000 7.500000 5.500000 3.000000 9.000000 25.000000
113000 7.500000 5.500000 3.000000 9.000000 25.000000
114000 7.500000 6.000000 3.000000 9.000000 25.500000
115000 7.500000 6.000000 3.000000 9.000000 25.500000
116000 7.500000 6.500000 3.000000 9.000000 26.000000
117000 7.500000 6.500000 3.000000 9.000000 26.000000
118000 7.500000 6.500000 3.000000 9.000000 26.000000
119000 7.500000 7.000000 3.000000 9.500000 27.000000
120000 7.500000 7.000000 3.000000 9.500000 27.000000
121000 8.000000 7.000000 3.000000 10.000000 28.000000
122000 8.000000 7.000000 3.000000 10.000000 28.000000
123000 8.000000 7.000000 3.000000 10.000000 28.000000
124000 8.000000 7.000000 3.000000 10.000000 28.000000
125000 8.500000 7.000000 3.000000 10.000000 28.500000
126000 8.500000 7.000000 3.000000 10.000000 28.500000
127000 8.500000 7.000000 3.000000 10.000000 28.500000
128000 8.500000 7.000000 3.000000 10.000000 28.500000
129000 9.000000 7.000000 3.000000 10.000000 29.000000
130000 9.000000 7.000000 3.000000 10.000000 29.000000
131000 9.000000 7.000000 3.000000 10.500000 29.500000
132000 9.000000 7.000000 3.000000 10.500000 29.500000
133000 9.000000 7.000000 3.000000 10.500000 29.500000
134000 9.000000 7.000000 3.000000 10.500000 29.500000
135000 9.000000 7.000000 3.000000 10.500000 29.500000
136000 9.000000 7.000000 3.000000 10.500000 29.500000
137000 9.000000 7.000000 3.000000 10.500000 29.500000
138000 9.000000 7.000000 3.000000 10.500000 29.500000
139000 9.000000 7.000000 3.000000 11.000000 30.000000
140000 9.000000 7.000000 3.000000 11.000000 30.000000
141000 9.000000 7.000000 3.000000 11.000000 30.000000
142000 9.000000 7.000000 3.000000 11.000000 30.000000
143000 9.000000 7.000000 3.000000 11.000000 30.000000
144000 9.000000 7.500000 3.000000 12.000000 31.500000
145000 9.000000 7.500000 3.000000 12.000000 31.500000
146000 9.000000 7.500000 3.000000 12.000000 31.500000
147000 9.000000 7.500000 3.000000 12.000000 31.500000
148000 9.000000 7.500000 3.000000 12.000000 31.500000
149000 9.000000 7.500000 3.000000 12.000000 31.500000
150000 9.500000 7.500000 3.000000 12.000000 32.000000
151000 9.500000 7.500000 3.000000 12.000000 32.000000
152000 10.000000 7.500000 3.000000 12.000000 32.500000
153000 10.000000 7.500000 3.000000 12.000000 32.500000
154000 10.000000 7.500000 3.000000 12.000000 32.500000
155000 10.000000 7.500000 3.000000 12.000000 32.500000
156000 10.000000 7.500000 3.000000 12.000000 32.500000
157000 10.000000 7.500000 3.000000 12.000000 32.500000
158000 10.000000 7.500000 3.000000 12.000000 32.500000
159000 10.000000 7.500000 3.000000 12.000000 32.500000
160000 10.000000 7.500000 3.000000 12.000000 32.500000
161000 10.000000 7.500000 3.000000 12.000000 32.500000
162000 11.000000 7.500000 3.000000 12.000000 33.500000
163000 11.000000 7.500000 3.000000 12.000000 33.500000
164000 11.000000 7.500000 3.000000 12.000000 33.500000
165000 11.000000 7.500000 3.000000 12.000000 33.500000
166000 11.000000 7.500000 3.000000 12.000000 33.500000
167000 11.000000 7.500000 3.000000 12.000000 33.500000
168000 11.500000 7.500000 3.000000 13.000000 35.000000
169000 12.000000 7.500000 3.000000 13.000000 35.500000
170000 12.000000 7.500000 3.000000 13.000000 35.500000
171000 12.000000 7.500000 3.000000 13.000000 35.500000
172000 12.500000 7.500000 3.000000 13.000000 36.000000
173000 12.500000 7.500000 3.000000 13.000000 36.000000
174000 12.500000 7.500000 3.000000 13.000000 36.000000
175000 12.500000 7.500000 3.000000 13.000000 36.000000
176000 12.500000 7.500000 3.000000 13.000000 36.000000
177000 12.500000 7.500000 3.000000 13.000000 36.000000
178000 12.500000 7.500000 3.000000 13.000000 36.000000
179000 12.500000 7.500000 3.000000 13.000000 36.000000
180000 12.500000 7.500000 3.000000 13.000000 36.000000
181000 12.500000 7.500000 3.000000 13.000000 36.000000
182000 12.500000 7.500000 3.000000 13.000000 36.000000
183000 12.500000 7.500000 3.000000 13.000000 36.000000
184000 12.500000 8.000000 3.000000 13.000000 36.500000
185000 12.500000 8.000000 3.000000 13.000000 36.500000
186000 12.500000 8.000000 3.000000 13.000000 36.500000
187000 12.500000 8.000000 3.000000 13.500000 37.000000
188000 12.500000 8.000000 3.000000 13.500000 37.000000
189000 12.500000 8.000000 3.000000 13.500000 37.000000
190000 12.500000 8.000000 3.000000 13.500000 37.000000
191000 12.500000 8.000000 3.000000 13.500000 37.000000
192000 12.500000 8.000000 3.000000 13.500000 37.000000
193000 12.500000 8.000000 3.000000 13.500000 37.000000
194000 12.500000 8.000000 3.000000 13.500000 37.000000
195000 12.500000 8.000000 3.000000 13.500000 37.000000
196000 12.500000 8.000000 3.000000 13.500000 37.000000
197000 12.500000 8.000000 3.000000 13.500000 37.000000
198000 12.500000 8.000000 3.000000 13.500000 37.000000
199000 12.500000 8.000000 3.000000 13.500000 37.000000
200000 12.500000 8.000000 3.000000 13.500000 37.000000
201000 12.500000 8.000000 3.000000 13.500000 37.000000
202000 12.500000 8.000000 3.000000 13.500000 37.000000
203000 12.500000 8.000000 3.000000 13.500000 37.000000
204000 12.500000 8.000000 3.000000 14.000000 37.500000
205000 12.500000 8.000000 3.000000 14.000000 37.500000
206000 12.500000 8.000000 3.000000 14.000000 37.500000
207000 12.500000 8.000000 3.000000 14.000000 37.500000
208000 13.000000 8.000000 3.000000 14.000000 38.000000
209000 13.000000 8.500000 3.000000 14.000000 38.500000
210000 13.000000 8.500000 3.000000 14.000000 38.500000
211000 13.000000 8.500000 3.500000 14.000000 39.000000
212000 13.000000 8.500000 3.500000 14.000000 39.000000
213000 13.000000 8.500000 3.500000 14.000000 39.000000
214000 13.000000 8.500000 3.500000 14.000000 39.000000
215000 13.000000 8.500000 3.500000 14.000000 39.000000
216000 13.000000 8.500000 3.500000 14.000000 39.000000
217000 13.000000 8.500000 3.500000 14.000000 39.000000
218000 13.000000 8.500000 3.500000 14.000000 39.000000
219000 13.000000 8.500000 3.500000 14.500000 39.500000
220000 13.000000 8.500000 3.500000 14.500000 39.500000
221000 13.000000 8.500000 3.500000 14.500000 39.500000
222000 13.000000 8.500000 3.500000 14.500000 39.500000
223000 13.000000 8.500000 3.500000 15.000000 40.000000
224000 13.000000 8.500000 3.500000 15.000000 40.000000
225000 13.000000 8.500000 3.500000 15.000000 40.000000
226000 13.000000 8.500000 3.500000 15.000000 40.000000
227000 13.000000 8.500000 3.500000 15.000000 40.000000
228000 13.000000 8.500000 3.500000 15.000000 40.000000
229000 13.000000 8.500000 3.500000 15.000000 40.000000
230000 14.000000 8.500000 3.500000 15.000000 41.000000
231000 14.000000 8.500000 3.500000 15.000000 41.000000
232000 14.000000 8.500000 3.500000 15.000000 41.000000
233000 14.500000 8.500000 5.500000 16.000000 44.500000
234000 14.500000 8.500000 5.500000 16.000000 44.500000
235000 14.500000 8.500000 5.500000 16.000000 44.500000
236000 14.500000 8.500000 5.500000 16.000000 44.500000
237000 14.500000 8.500000 5.500000 16.500000 45.000000
238000 14.500000 9.000000 5.500000 16.500000 45.500000
239000 14.500000 9.000000 5.500000 16.500000 45.500000
240000 14.500000 9.000000 5.500000 16.500000 45.500000
241000 14.500000 9.000000 5.500000 16.500000 45.500000
242000 14.500000 9.000000 5.500000 16.500000 45.500000
243000 14.500000 9.500000 5.500000 16.500000 46.000000
244000 14.500000 9.500000 5.500000 16.500000 46.000000
245000 14.500000 9.500000 5.500000 16.500000 46.000000
246000 14.500000 9.500000 5.500000 16.500000 46.000000
247000 14.500000 10.000000 6.000000 16.500000 47.000000
248000 14.500000 10.000000 6.000000 16.500000 47.000000
249000 14.500000 10.000000 6.000000 16.500000 47.000000
250000 15.000000 10.000000 6.000000 16.500000 47.500000
251000 16.000000 10.000000 6.000000 16.500000 48.500000
252000 16.000000 10.500000 6.000000 16.500000 49.000000
253000 16.000000 10.500000 6.000000 16.500000 49.000000
254000 16.000000 10.500000 6.000000 16.500000 49.000000
255000 16.000000 10.500000 6.000000 16.500000 49.000000
256000 16.000000 10.500000 6.000000 16.500000 49.000000
257000 16.000000 10.500000 6.000000 16.500000 49.000000
258000 16.000000 10.500000 6.500000 16.500000 49.500000
259000 16.000000 10.500000 6.500000 16.500000 49.500000
260000 16.000000 10.500000 6.500000 17.000000 50.000000
261000 16.000000 10.500000 6.500000 17.000000 50.000000
262000 16.000000 10.500000 6.500000 17.000000 50.000000
263000 16.000000 10.500000 6.500000 17.500000 50.500000
264000 16.000000 10.500000 6.500000 17.500000 50.500000
265000 16.000000 10.500000 6.500000 17.500000 50.500000
266000 16.000000 10.500000 6.500000 18.000000 51.000000
267000 16.000000 10.500000 6.500000 18.000000 51.000000
268000 16.000000 10.500000 6.500000 18.000000 51.000000
269000 16.000000 10.500000 6.500000 18.000000 51.000000
270000 16.000000 10.500000 7.000000 18.000000 51.500000
271000 16.000000 10.500000 7.000000 18.000000 51.500000
272000 16.500000 11.000000 7.000000 18.000000 52.500000
273000 16.500000 11.000000 7.000000 18.000000 52.500000
274000 16.500000 11.000000 7.000000 18.000000 52.500000
275000 16.500000 11.000000 7.000000 18.000000 52.500000
276000 16.500000 11.000000 7.000000 18.000000 52.500000
277000 16.500000 11.000000 7.000000 18.000000 52.500000
278000 16.500000 11.000000 7.000000 18.000000 52.500000
279000 16.500000 11.000000 7.000000 18.000000 52.500000
280000 17.000000 11.000000 7.000000 18.000000 53.000000
281000 17.000000 11.000000 7.000000 18.000000 53.000000
282000 17.000000 11.000000 7.000000 18.000000 53.000000
283000 17.000000 11.000000 7.000000 18.000000 53.000000
284000 17.000000 11.500000 8.000000 18.000000 54.500000
285000 17.000000 11.500000 8.000000 18.500000 55.000000
286000 17.000000 11.500000 8.000000 19.000000 55.500000
287000 17.000000 11.500000 8.000000 19.000000 55.500000
288000 17.000000 11.500000 8.000000 19.000000 55.500000
289000 17.000000 11.500000 8.000000 19.000000 55.500000
290000 17.000000 11.500000 8.000000 19.000000 55.500000
291000 17.000000 11.500000 8.000000 19.000000 55.500000
292000 17.000000 11.500000 8.000000 19.000000 55.500000
293000 17.000000 11.500000 8.000000 19.000000 55.500000
294000 17.000000 11.500000 8.000000 19.000000 55.500000
295000 17.000000 11.500000 8.000000 19.000000 55.500000
296000 17.000000 11.500000 8.000000 19.000000 55.500000
297000 17.000000 11.500000 8.000000 19.000000 55.500000
298000 17.000000 12.000000 8.000000 19.500000 56.500000
299000 17.000000 12.000000 8.000000 19.500000 56.500000
300000 17.000000 12.000000 8.000000 20.000000 57.000000
301000 17.000000 12.000000 8.000000 20.000000 57.000000
302000 17.000000 12.000000 8.000000 20.000000 57.000000
303000 17.000000 12.000000 8.000000 20.000000 57.000000
304000 17.000000 12.000000 8.000000 20.000000 57.000000
305000 17.500000 12.000000 8.000000 20.000000 57.500000
306000 17.500000 12.500000 8.000000 20.000000 58.000000
307000 17.500000 12.500000 8.000000 20.000000 58.000000
308000 18.500000 12.500000 8.000000 20.000000 59.000000
309000 18.500000 12.500000 8.000000 20.000000 59.000000
310000 18.500000 12.500000 8.000000 20.000000 59.000000
311000 18.500000 12.500000 8.500000 20.000000 59.500000
312000 18.500000 12.500000 8.500000 20.000000 59.500000
313000 18.500000 13.000000 8.500000 20.000000 60.000000
314000 18.500000 13.000000 8.500000 20.000000 60.000000
315000 18.500000 13.000000 8.500000 20.000000 60.000000
316000 18.500000 13.000000 8.500000 20.000000 60.000000
317000 18.500000 13.000000 8.500000 20.000000 60.000000
318000 18.500000 13.000000 8.500000 20.500000 60.500000
319000 18.500000 13.000000 8.500000 20.500000 60.500000
320000 18.500000 13.000000 8.500000 20.500000 60.500000
321000 18.500000 13.000000 8.500000 20.500000 60.500000
322000 18.500000 13.500000 8.500000 20.500000 61.000000
323000 19.500000 13.500000 8.500000 20.500000 62.000000
324000 19.500000 13.500000 8.500000 20.500000 62.000000
325000 19.500000 14.000000 8.500000 20.500000 62.500000
326000 19.500000 14.000000 8.500000 20.500000 62.500000
327000 19.500000 14.000000 8.500000 20.500000 62.500000
328000 19.500000 14.000000 8.500000 20.500000 62.500000
329000 19.500000 14.000000 8.500000 20.500000 62.500000
330000 19.500000 14.000000 8.500000 20.500000 62.500000
331000 19.500000 14.000000 8.500000 20.500000 62.500000
332000 19.500000 14.000000 8.500000 20.500000 62.500000
333000 19.500000 14.000000 8.500000 21.000000 63.000000
334000 19.500000 14.000000 8.500000 21.000000 63.000000
335000 19.500000 14.000000 8.500000 21.000000 63.000000
336000 19.500000 14.000000 8.500000 21.000000 63.000000
337000 19.500000 14.000000 8.500000 21.000000 63.000000
338000 19.500000 14.000000 8.500000 21.000000 63.000000
339000 19.500000 14.000000 8.500000 21.000000 63.000000
340000 19.500000 14.000000 8.500000 21.000000 63.000000
341000 19.500000 14.000000 8.500000 21.000000 63.000000
342000 19.500000 14.000000 8.500000 21.000000 63.000000
343000 19.500000 14.000000 8.500000 21.000000 63.000000
344000 19.500000 14.000000 8.500000 21.000000 63.000000
345000 19.500000 14.000000 8.500000 21.000000 63.000000
346000 19.500000 14.000000 8.500000 21.000000 63.000000
347000 19.500000 14.000000 8.500000 21.000000 63.000000
348000 19.500000 14.000000 8.500000 21.000000 63.000000
349000 19.500000 14.000000 8.500000 21.000000 63.000000
350000 20.000000 14.000000 8.500000 21.000000 63.500000
351000 20.000000 14.000000 8.500000 21.000000 63.500000
352000 20.000000 14.000000 8.500000 21.000000 63.500000
353000 20.000000 14.000000 8.500000 21.000000 63.500000
354000 20.000000 14.000000 8.500000 21.000000 63.500000
355000 20.000000 14.000000 8.500000 21.000000 63.500000
356000 20.000000 14.000000 8.500000 21.000000 63.500000
357000 20.500000 14.000000 8.500000 21.000000 64.000000
358000 20.500000 14.000000 8.500000 21.000000 64.000000
359000 20.500000 14.000000 8.500000 21.000000 64.000000
360000 20.500000 14.000000 8.500000 21.000000 64.000000
361000 20.500000 14.000000 8.500000 21.000000 64.000000
362000 20.500000 14.000000 8.500000 21.000000 64.000000
363000 20.500000 14.000000 8.500000 21.000000 64.000000
364000 20.500000 14.000000 8.500000 21.000000 64.000000
365000 20.500000 14.000000 8.500000 21.000000 64.000000
366000 20.500000 14.000000 8.500000 21.000000 64.000000
367000 20.500000 14.000000 8.500000 21.000000 64.000000
368000 20.500000 14.000000 8.500000 21.500000 64.500000
369000 20.500000 14.000000 8.500000 21.500000 64.500000
370000 20.500000 14.000000 8.500000 21.500000 64.500000
371000 20.500000 14.000000 8.500000 21.500000 64.500000
372000 20.500000 14.000000 8.500000 21.500000 64.500000
373000 20.500000 14.000000 8.500000 21.500000 64.500000
374000 20.500000 14.000000 8.500000 21.500000 64.500000
375000 20.500000 14.000000 8.500000 21.500000 64.500000
376000 20.500000 16.500000 8.500000 22.500000 68.000000
377000 20.500000 16.500000 8.500000 22.500000 68.000000
378000 21.000000 16.500000 8.500000 22.500000 68.500000
379000 21.000000 16.500000 8.500000 22.500000 68.500000
380000 21.000000 16.500000 8.500000 22.500000 68.500000
381000 21.000000 16.500000 8.500000 22.500000 68.500000
382000 21.000000 16.500000 8.500000 22.500000 68.500000
383000 21.000000 16.500000 8.500000 22.500000 68.500000
384000 21.000000 16.500000 8.500000 22.500000 68.500000
385000 21.000000 16.500000 8.500000 22.500000 68.500000
386000 21.000000 16.500000 8.500000 22.500000 68.500000
387000 21.000000 16.500000 8.500000 22.500000 68.500000
388000 21.000000 16.500000 8.500000 22.500000 68.500000
389000 21.000000 16.500000 8.500000 22.500000 68.500000
390000 21.000000 16.500000 8.500000 22.500000 68.500000
391000 21.000000 16.500000 8.500000 22.500000 68.500000
392000 21.000000 16.500000 8.500000 22.500000 68.500000
393000 21.000000 16.500000 8.500000 22.500000 68.500000
394000 22.000000 16.500000 8.500000 22.500000 69.500000
395000 22.000000 16.500000 8.500000 22.500000 69.500000
396000 22.000000 16.500000 8.500000 22.500000 69.500000
397000 22.000000 16.500000 8.500000 22.500000 69.500000
398000 22.000000 16.500000 8.500000 22.500000 69.500000
399000 22.000000 16.500000 8.500000 22.500000 69.500000
400000 22.000000 16.500000 8.500000 22.500000 69.500000
401000 22.000000 16.500000 8.500000 23.000000 70.000000
402000 22.000000 16.500000 8.500000 23.000000 70.000000
403000 22.000000 16.500000 8.500000 23.000000 70.000000
404000 22.000000 16.500000 8.500000 24.000000 71.000000
405000 22.000000 16.500000 8.500000 24.000000 71.000000
406000 22.000000 16.500000 8.500000 24.000000 71.000000
407000 22.000000 16.500000 8.500000 24.000000 71.000000
408000 22.000000 16.500000 8.500000 24.000000 71.000000
409000 22.000000 16.500000 8.500000 24.000000 71.000000
410000 22.000000 17.000000 8.500000 24.000000 71.500000
411000 22.500000 17.000000 8.500000 24.000000 72.000000
412000 22.500000 17.000000 8.500000 24.000000 72.000000
413000 22.500000 17.000000 8.500000 24.000000 72.000000
414000 23.500000 17.500000 9.000000 24.000000 74.000000
415000 23.500000 17.500000 9.000000 24.000000 74.000000
416000 23.500000 17.500000 9.000000 24.000000 74.000000
417000 23.500000 17.500000 9.000000 24.000000 74.000000
418000 23.500000 17.500000 9.000000 24.000000 74.000000
419000 24.000000 18.000000 9.000000 24.000000 75.000000
420000 24.000000 18.500000 9.000000 24.000000 75.500000
421000 24.000000 18.500000 9.000000 24.000000 75.500000
422000 24.000000 18.500000 9.000000 24.000000 75.500000
423000 24.000000 18.500000 9.000000 24.000000 75.500000
424000 24.000000 18.500000 9.000000 24.000000 75.500000
425000 24.000000 19.000000 9.000000 24.000000 76.000000
426000 24.000000 19.000000 9.000000 24.000000 76.000000
427000 24.500000 19.000000 9.000000 24.000000 76.500000
428000 24.500000 19.000000 9.000000 24.000000 76.500000
429000 24.500000 19.000000 9.000000 24.000000 76.500000
430000 24.500000 19.000000 9.500000 24.000000 77.000000
431000 24.500000 19.000000 9.500000 24.000000 77.000000
432000 24.500000 19.000000 9.500000 24.000000 77.000000
433000 25.000000 19.000000 9.500000 24.000000 77.500000
434000 25.000000 19.000000 9.500000 24.000000 77.500000
435000 25.500000 19.000000 9.500000 24.000000 78.000000
436000 25.500000 19.000000 9.500000 25.000000 79.000000
437000 25.500000 19.000000 9.500000 25.000000 79.000000
438000 25.500000 19.000000 9.500000 25.000000 79.000000
439000 25.500000 19.000000 9.500000 25.000000 79.000000
440000 25.500000 19.000000 9.500000 25.000000 79.000000
441000 25.500000 19.000000 9.500000 25.000000 79.000000
442000 25.500000 19.000000 9.500000 25.000000 79.000000
443000 25.500000 19.000000 9.500000 25.000000 79.000000
444000 25.500000 19.000000 9.500000 25.000000 79.000000
445000 25.500000 19.000000 9.500000 25.000000 79.000000
446000 25.500000 19.000000 9.500000 25.000000 79.000000
447000 25.500000 19.000000 9.500000 25.000000 79.000000
448000 25.500000 19.000000 9.500000 25.000000 79.000000
449000 25.500000 19.000000 9.500000 25.000000 79.000000
450000 25.500000 19.000000 9.500000 25.000000 79.000000
451000 25.500000 19.000000 9.500000 25.000000 79.000000
452000 25.500000 19.000000 9.500000 25.000000 79.000000
453000 25.500000 19.000000 9.500000 25.000000 79.000000
454000 25.500000 19.000000 9.500000 25.000000 79.000000
455000 25.500000 19.000000 9.500000 25.500000 79.500000
456000 25.500000 19.000000 9.500000 25.500000 79.500000
457000 25.500000 19.000000 9.500000 25.500000 79.500000
458000 25.500000 19.000000 9.500000 25.500000 79.500000
459000 25.500000 19.000000 9.500000 25.500000 79.500000
460000 25.500000 19.000000 9.500000 25.500000 79.500000
461000 25.500000 19.000000 9.500000 25.500000 79.500000
462000 25.500000 19.500000 9.500000 25.500000 80.000000
463000 25.500000 19.500000 9.500000 25.500000 80.000000
464000 25.500000 19.500000 9.500000 25.500000 80.000000
465000 25.500000 19.500000 9.500000 25.500000 80.000000
466000 25.500000 19.500000 9.500000 26.000000 80.500000
467000 26.000000 19.500000 9.500000 26.000000 81.000000
468000 26.000000 19.500000 9.500000 26.000000 81.000000
469000 26.000000 19.500000 9.500000 26.500000 81.500000
470000 26.000000 19.500000 9.500000 26.500000 81.500000
471000 26.000000 19.500000 9.500000 26.500000 81.500000
472000 26.000000 19.500000 9.500000 26.500000 81.500000
473000 26.000000 19.500000 9.500000 26.500000 81.500000
474000 26.000000 19.500000 9.500000 26.500000 81.500000
475000 26.000000 20.000000 9.500000 27.000000 82.500000
476000 26.000000 20.000000 9.500000 27.000000 82.500000
477000 26.000000 20.000000 9.500000 27.500000 83.000000
478000 26.000000 20.000000 9.500000 27.500000 83.000000
479000 26.000000 20.000000 9.500000 27.500000 83.000000
480000 26.000000 20.000000 9.500000 27.500000 83.000000
481000 26.000000 20.000000 9.500000 27.500000 83.000000
482000 26.000000 20.500000 9.500000 27.500000 83.500000
483000 26.000000 20.500000 9.500000 27.500000 83.500000
484000 26.000000 20.500000 9.500000 27.500000 83.500000
485000 26.000000 20.500000 9.500000 27.500000 83.500000
486000 26.000000 20.500000 9.500000 27.500000 83.500000
487000 26.000000 20.500000 9.500000 27.500000 83.500000
488000 26.000000 20.500000 9.500000 27.500000 83.500000
489000 26.000000 20.500000 9.500000 27.500000 83.500000
490000 26.000000 20.500000 9.500000 27.500000 83.500000
491000 26.500000 20.500000 9.500000 27.500000 84.000000
492000 26.500000 21.000000 9.500000 27.500000 84.500000
493000 26.500000 21.000000 9.500000 27.500000 84.500000
494000 27.000000 21.000000 9.500000 27.500000 85.000000
495000 27.000000 21.000000 9.500000 27.500000 85.000000
496000 27.000000 21.000000 9.500000 27.500000 85.000000
497000 27.000000 21.000000 9.500000 27.500000 85.000000
498000 27.000000 21.000000 9.500000 28.000000 85.500000
499000 27.000000 21.000000 9.500000 28.000000 85.500000
500000 27.000000 21.000000 9.500000 28.000000 85.500000
501000 27.000000 21.000000 9.500000 28.000000 85.500000
502000 27.500000 21.000000 9.500000 28.000000 86.000000
503000 27.500000 21.000000 9.500000 28.500000 86.500000
504000 27.500000 21.000000 9.500000 28.500000 86.500000
505000 27.500000 21.500000 9.500000 28.500000 87.000000
506000 27.500000 21.500000 9.500000 28.500000 87.000000
507000 27.500000 21.500000 9.500000 28.500000 87.000000
508000 27.500000 21.500000 9.500000 28.500000 87.000000
509000 27.500000 21.500000 9.500000 28.500000 87.000000
510000 27.500000 21.500000 10.000000 28.500000 87.500000
511000 27.500000 21.500000 10.000000 28.500000 87.500000
512000 27.500000 21.500000 10.000000 28.500000 87.500000
513000 27.500000 21.500000 10.000000 28.500000 87.500000
514000 27.500000 21.500000 10.000000 28.500000 87.500000
515000 27.500000 21.500000 10.000000 28.500000 87.500000
516000 27.500000 21.500000 10.000000 28.500000 87.500000
517000 27.500000 21.500000 10.000000 28.500000 87.500000
518000 27.500000 21.500000 10.000000 28.500000 87.500000
519000 27.500000 21.500000 10.000000 28.500000 87.500000
520000 27.500000 21.500000 10.000000 28.500000 87.500000
521000 27.500000 21.500000 10.000000 28.500000 87.500000
522000 27.500000 21.500000 10.000000 28.500000 87.500000
523000 27.500000 22.000000 10.000000 28.500000 88.000000
524000 28.000000 23.000000 10.000000 28.500000 89.500000
525000 30.000000 23.000000 10.000000 28.500000 91.500000
526000 30.000000 23.500000 10.000000 28.500000 92.000000
527000 30.000000 23.500000 10.000000 28.500000 92.000000
528000 30.000000 23.500000 10.000000 28.500000 92.000000
529000 30.000000 23.500000 10.000000 29.000000 92.500000
530000 30.000000 23.500000 10.000000 29.000000 92.500000
531000 30.000000 23.500000 10.000000 29.000000 92.500000
532000 30.500000 23.500000 10.000000 29.000000 93.000000
533000 30.500000 23.500000 10.000000 29.000000 93.000000
534000 30.500000 23.500000 10.000000 29.000000 93.000000
535000 30.500000 23.500000 10.000000 29.000000 93.000000
536000 30.500000 24.000000 10.000000 29.000000 93.500000
537000 30.500000 24.000000 10.000000 29.000000 93.500000
538000 30.500000 24.500000 10.000000 29.000000 94.000000
539000 30.500000 24.500000 10.000000 29.000000 94.000000
540000 30.500000 24.500000 10.000000 29.000000 94.000000
541000 30.500000 24.500000 10.000000 29.000000 94.000000
542000 30.500000 24.500000 10.000000 29.000000 94.000000
543000 30.500000 24.500000 10.000000 29.000000 94.000000
544000 30.500000 24.500000 10.000000 29.000000 94.000000
545000 30.500000 24.500000 10.000000 29.000000 94.000000
546000 31.000000 24.500000 10.000000 29.000000 94.500000
547000 31.000000 24.500000 10.000000 29.000000 94.500000
548000 31.000000 24.500000 10.000000 29.000000 94.500000
549000 31.000000 24.500000 10.000000 29.000000 94.500000
550000 31.000000 24.500000 10.000000 29.000000 94.500000
551000 31.000000 24.500000 10.000000 29.500000 95.000000
552000 31.000000 24.500000 10.000000 29.500000 95.000000
553000 31.000000 24.500000 10.000000 29.500000 95.000000
554000 31.000000 24.500000 10.000000 29.500000 95.000000
555000 31.000000 24.500000 10.000000 29.500000 95.000000
556000 31.000000 24.500000 10.000000 29.500000 95.000000
557000 31.000000 24.500000 10.000000 29.500000 95.000000
558000 31.000000 24.500000 10.000000 29.500000 95.000000
559000 31.000000 25.000000 10.000000 29.500000 95.500000
560000 31.000000 25.000000 10.000000 29.500000 95.500000
561000 31.500000 25.000000 10.000000 29.500000 96.000000
562000 31.500000 25.000000 10.000000 29.500000 96.000000
563000 31.500000 25.000000 10.000000 30.000000 96.500000
564000 31.500000 25.000000 10.000000 30.000000 96.500000
565000 31.500000 25.000000 10.000000 30.000000 96.500000
566000 31.500000 25.000000 10.000000 30.000000 96.500000
567000 32.000000 25.000000 10.000000 30.000000 97.000000
568000 32.500000 25.500000 10.000000 30.000000 98.000000
569000 32.500000 25.500000 10.000000 30.000000 98.000000
570000 34.000000 25.500000 11.000000 30.000000 100.500000
571000 34.000000 25.500000 11.000000 30.000000 100.500000
572000 34.000000 25.500000 11.000000 30.000000 100.500000
573000 34.000000 25.500000 11.000000 30.000000 100.500000
574000 34.500000 25.500000 11.000000 30.000000 101.000000
575000 34.500000 25.500000 11.000000 30.000000 101.000000
576000 34.500000 25.500000 11.000000 30.000000 101.000000
577000 34.500000 25.500000 11.000000 30.500000 101.500000
578000 34.500000 26.500000 11.000000 30.500000 102.500000
579000 34.500000 26.500000 11.000000 30.500000 102.500000
580000 34.500000 26.500000 11.000000 31.000000 103.000000
581000 34.500000 27.000000 11.000000 31.000000 103.500000
582000 34.500000 27.500000 11.000000 31.500000 104.500000
583000 34.500000 27.500000 11.000000 31.500000 104.500000
584000 34.500000 27.500000 11.000000 31.500000 104.500000
585000 34.500000 27.500000 11.000000 31.500000 104.500000
586000 34.500000 27.500000 11.000000 32.000000 105.000000
587000 34.500000 27.500000 11.000000 32.500000 105.500000
588000 35.000000 27.500000 11.000000 32.500000 106.000000
589000 35.000000 27.500000 11.000000 32.500000 106.000000
590000 35.000000 27.500000 11.000000 32.500000 106.000000
591000 35.000000 27.500000 11.000000 32.500000 106.000000
592000 35.000000 27.500000 11.000000 32.500000 106.000000
593000 35.000000 27.500000 11.000000 32.500000 106.000000
594000 35.000000 27.500000 11.000000 32.500000 106.000000
595000 35.000000 27.500000 11.000000 32.500000 106.000000
596000 35.000000 27.500000 11.000000 32.500000 106.000000
597000 35.000000 27.500000 11.000000 32.500000 106.000000
598000 35.000000 27.500000 11.000000 32.500000 106.000000
599000 35.000000 27.500000 11.500000 32.500000 106.500000
600000 35.000000 27.500000 11.500000 32.500000 106.500000
601000 35.000000 27.500000 11.500000 32.500000 106.500000
602000 35.000000 27.500000 11.500000 32.500000 106.500000
603000 35.500000 27.500000 11.500000 32.500000 107.000000
604000 35.500000 27.500000 11.500000 33.000000 107.500000
605000 35.500000 27.500000 11.500000 33.000000 107.500000
606000 36.000000 28.000000 12.000000 33.000000 109.000000
607000 36.000000 28.000000 12.500000 33.000000 109.500000
608000 36.000000 28.500000 12.500000 33.000000 110.000000
609000 36.000000 28.500000 12.500000 33.000000 110.000000
610000 36.000000 28.500000 12.500000 33.000000 110.000000
611000 36.500000 28.500000 12.500000 33.000000 110.500000
612000 36.500000 28.500000 12.500000 33.000000 110.500000
613000 36.500000 28.500000 12.500000 33.000000 110.500000
614000 36.500000 28.500000 12.500000 33.000000 110.500000
615000 36.500000 28.500000 12.500000 33.000000 110.500000
616000 37.000000 28.500000 12.500000 33.000000 111.000000
617000 37.500000 28.500000 12.500000 33.000000 111.500000
618000 38.000000 28.500000 12.500000 33.000000 112.000000
619000 38.000000 28.500000 12.500000 33.000000 112.000000
620000 38.000000 28.500000 12.500000 33.000000 112.000000
621000 38.000000 28.500000 12.500000 33.000000 112.000000
622000 38.000000 28.500000 12.500000 33.000000 112.000000
623000 38.500000 28.500000 12.500000 33.000000 112.500000
624000 38.500000 29.000000 12.500000 33.000000 113.000000
625000 38.500000 29.000000 12.500000 33.000000 113.000000
626000 38.500000 29.000000 12.500000 33.000000 113.000000
627000 38.500000 29.000000 12.500000 34.000000 114.000000
628000 38.500000 29.500000 12.500000 34.000000 114.500000
629000 38.500000 29.500000 12.500000 34.000000 114.500000
630000 38.500000 29.500000 12.500000 34.000000 114.500000
631000 38.500000 29.500000 12.500000 34.000000 114.500000
632000 38.500000 29.500000 12.500000 34.000000 114.500000
633000 38.500000 30.000000 12.500000 34.000000 115.000000
634000 38.500000 30.000000 12.500000 34.500000 115.500000
635000 38.500000 30.000000 12.500000 34.500000 115.500000
636000 38.500000 30.000000 12.500000 34.500000 115.500000
637000 38.500000 30.000000 12.500000 35.000000 116.000000
638000 38.500000 30.000000 12.500000 35.000000 116.000000
639000 38.500000 30.000000 12.500000 35.000000 116.000000
640000 38.500000 30.000000 12.500000 35.000000 116.000000
641000 38.500000 30.000000 12.500000 35.000000 116.000000
642000 38.500000 30.000000 12.500000 35.000000 116.000000
643000 39.000000 30.000000 12.500000 35.000000 116.500000
644000 39.000000 30.000000 12.500000 35.000000 116.500000
645000 39.500000 30.000000 12.500000 35.000000 117.000000
646000 39.500000 30.500000 15.000000 36.000000 121.000000
647000 39.500000 30.500000 15.000000 36.000000 121.000000
648000 39.500000 30.500000 15.000000 36.000000 121.000000
649000 39.500000 30.500000 15.000000 36.000000 121.000000
650000 39.500000 30.500000 15.000000 36.000000 121.000000
651000 39.500000 30.500000 15.000000 36.000000 121.000000
652000 39.500000 30.500000 15.000000 36.000000 121.000000
653000 39.500000 30.500000 16.000000 36.000000 122.000000
654000 39.500000 30.500000 16.000000 36.000000 122.000000
655000 39.500000 30.500000 16.000000 36.000000 122.000000
656000 39.500000 30.500000 16.000000 36.000000 122.000000
657000 39.500000 30.500000 16.000000 36.000000 122.000000
658000 39.500000 30.500000 16.000000 36.500000 122.500000
659000 39.500000 31.000000 16.000000 36.500000 123.000000
660000 39.500000 31.000000 16.000000 37.000000 123.500000
661000 39.500000 31.000000 16.000000 37.000000 123.500000
662000 40.000000 31.000000 16.000000 37.000000 124.000000
663000 40.000000 31.000000 16.000000 37.500000 124.500000
664000 40.000000 31.000000 16.000000 37.500000 124.500000
665000 40.000000 31.000000 16.000000 37.500000 124.500000
666000 40.000000 31.000000 16.000000 38.000000 125.000000
667000 40.000000 31.000000 16.000000 38.500000 125.500000
668000 40.000000 31.000000 17.000000 38.500000 126.500000
669000 40.000000 31.000000 17.000000 39.000000 127.000000
670000 40.000000 31.000000 17.000000 39.000000 127.000000
671000 40.000000 31.000000 17.000000 39.000000 127.000000
672000 40.000000 31.000000 17.000000 39.000000 127.000000
673000 40.000000 31.000000 17.000000 39.000000 127.000000
674000 40.000000 31.000000 17.000000 39.000000 127.000000
675000 40.000000 31.000000 17.000000 39.500000 127.500000
676000 40.000000 31.500000 17.000000 39.500000 128.000000
677000 40.000000 31.500000 17.000000 39.500000 128.000000
678000 40.000000 31.500000 17.000000 40.000000 128.500000
679000 40.000000 31.500000 17.000000 40.000000 128.500000
680000 40.000000 31.500000 17.000000 40.000000 128.500000
681000 40.000000 31.500000 17.000000 40.000000 128.500000
682000 40.000000 31.500000 17.000000 40.000000 128.500000
683000 40.000000 31.500000 17.000000 40.000000 128.500000
684000 40.000000 31.500000 17.000000 40.500000 129.000000
685000 40.500000 31.500000 17.000000 40.500000 129.500000
686000 40.500000 31.500000 17.000000 40.500000 129.500000
687000 40.500000 31.500000 17.000000 40.500000 129.500000
688000 40.500000 31.500000 17.000000 40.500000 129.500000
689000 40.500000 31.500000 17.000000 40.500000 129.500000
690000 40.500000 32.000000 17.000000 40.500000 130.000000
691000 41.000000 33.500000 17.500000 42.500000 134.500000
692000 41.000000 33.500000 17.500000 42.500000 134.500000
693000 41.000000 33.500000 17.500000 42.500000 134.500000
694000 41.000000 33.500000 17.500000 42.500000 134.500000
695000 41.000000 33.500000 17.500000 42.500000 134.500000
696000 42.000000 33.500000 17.500000 42.500000 135.500000
697000 42.000000 33.500000 17.500000 42.500000 135.500000
698000 42.000000 33.500000 17.500000 42.500000 135.500000
699000 42.000000 33.500000 17.500000 42.500000 135.500000
700000 42.000000 33.500000 17.500000 42.500000 135.500000
701000 42.000000 33.500000 17.500000 42.500000 135.500000
702000 42.000000 33.500000 17.500000 43.500000 136.500000
703000 42.000000 33.500000 17.500000 43.500000 136.500000
704000 42.000000 33.500000 17.500000 43.500000 136.500000
705000 42.000000 34.000000 17.500000 43.500000 137.000000
706000 42.000000 34.000000 17.500000 44.000000 137.500000
707000 42.500000 34.000000 17.500000 44.000000 138.000000
708000 42.500000 34.000000 17.500000 44.000000 138.000000
709000 42.500000 34.500000 17.500000 44.000000 138.500000
710000 43.500000 34.500000 17.500000 44.500000 140.000000
711000 43.500000 34.500000 17.500000 44.500000 140.000000
712000 43.500000 34.500000 17.500000 44.500000 140.000000
713000 43.500000 34.500000 17.500000 44.500000 140.000000
714000 43.500000 34.500000 17.500000 44.500000 140.000000
715000 43.500000 34.500000 17.500000 45.000000 140.500000
716000 43.500000 34.500000 17.500000 45.000000 140.500000
717000 43.500000 34.500000 17.500000 45.000000 140.500000
718000 43.500000 34.500000 17.500000 45.000000 140.500000
719000 43.500000 34.500000 17.500000 45.000000 140.500000
720000 43.500000 34.500000 17.500000 45.000000 140.500000
721000 43.500000 34.500000 17.500000 45.000000 140.500000
722000 43.500000 34.500000 17.500000 45.000000 140.500000
723000 43.500000 34.500000 17.500000 45.000000 140.500000
724000 43.500000 34.500000 17.500000 45.000000 140.500000
725000 44.000000 34.500000 17.500000 45.000000 141.000000
726000 44.000000 34.500000 17.500000 45.000000 141.000000
727000 44.000000 35.000000 17.500000 45.000000 141.500000
728000 44.000000 35.000000 17.500000 45.000000 141.500000
729000 44.000000 35.000000 17.500000 45.000000 141.500000
730000 44.000000 35.000000 17.500000 45.000000 141.500000
731000 44.000000 35.000000 17.500000 45.000000 141.500000
732000 44.000000 35.000000 17.500000 45.000000 141.500000
733000 44.000000 35.000000 17.500000 45.000000 141.500000
734000 44.000000 35.000000 17.500000 45.000000 141.500000
735000 44.000000 35.000000 17.500000 45.000000 141.500000
736000 44.000000 35.000000 17.500000 45.000000 141.500000
737000 44.000000 35.000000 17.500000 45.000000 141.500000
738000 44.000000 35.000000 17.500000 45.000000 141.500000
739000 44.500000 35.000000 17.500000 45.000000 142.000000
740000 44.500000 35.000000 17.500000 45.000000 142.000000
741000 44.500000 35.000000 17.500000 45.000000 142.000000
742000 44.500000 35.000000 17.500000 45.500000 142.500000
743000 44.500000 35.000000 17.500000 45.500000 142.500000
744000 44.500000 35.500000 17.500000 45.500000 143.000000
745000 44.500000 35.500000 17.500000 45.500000 143.000000
746000 44.500000 36.000000 17.500000 45.500000 143.500000
747000 44.500000 36.000000 17.500000 45.500000 143.500000
748000 44.500000 36.000000 17.500000 45.500000 143.500000
749000 44.500000 36.000000 17.500000 45.500000 143.500000
750000 44.500000 36.000000 17.500000 45.500000 143.500000
751000 44.500000 36.000000 17.500000 45.500000 143.500000
752000 45.500000 36.000000 17.500000 45.500000 144.500000
753000 45.500000 36.000000 17.500000 45.500000 144.500000
754000 45.500000 36.000000 17.500000 45.500000 144.500000
755000 45.500000 36.000000 17.500000 45.500000 144.500000
756000 46.000000 36.000000 17.500000 45.500000 145.000000
757000 46.000000 36.000000 17.500000 45.500000 145.000000
758000 46.000000 36.000000 17.500000 45.500000 145.000000
759000 46.000000 36.000000 17.500000 45.500000 145.000000
760000 46.000000 36.000000 17.500000 45.500000 145.000000
761000 46.500000 36.000000 17.500000 45.500000 145.500000
762000 47.000000 36.000000 17.500000 45.500000 146.000000
763000 47.000000 36.000000 17.500000 45.500000 146.000000
764000 47.000000 36.000000 17.500000 45.500000 146.000000
765000 47.000000 36.000000 17.500000 45.500000 146.000000
766000 47.000000 36.000000 18.000000 45.500000 146.500000
767000 47.500000 36.000000 18.000000 45.500000 147.000000
768000 47.500000 36.000000 18.000000 46.000000 147.500000
769000 47.500000 36.000000 18.000000 46.000000 147.500000
770000 47.500000 36.000000 18.500000 46.000000 148.000000
771000 47.500000 36.000000 18.500000 46.000000 148.000000
772000 47.500000 36.000000 18.500000 46.000000 148.000000
773000 47.500000 36.000000 18.500000 46.000000 148.000000
774000 48.500000 36.000000 18.500000 46.000000 149.000000
775000 48.500000 36.000000 18.500000 46.000000 149.000000
776000 48.500000 36.000000 19.000000 46.000000 149.500000
777000 48.500000 36.000000 19.000000 46.000000 149.500000
778000 49.000000 36.000000 19.000000 46.500000 150.500000
779000 49.000000 36.000000 19.000000 46.500000 150.500000
780000 49.000000 36.000000 19.000000 46.500000 150.500000
781000 49.000000 36.000000 19.000000 46.500000 150.500000
782000 49.000000 36.000000 19.000000 46.500000 150.500000
783000 49.000000 36.000000 19.000000 46.500000 150.500000
784000 49.000000 36.000000 19.000000 46.500000 150.500000
785000 49.000000 36.000000 19.000000 47.000000 151.000000
786000 49.500000 36.000000 19.500000 47.000000 152.000000
787000 49.500000 36.000000 19.500000 47.500000 152.500000
788000 49.500000 36.000000 19.500000 47.500000 152.500000
789000 49.500000 36.000000 19.500000 47.500000 152.500000
790000 49.500000 36.000000 19.500000 47.500000 152.500000
791000 49.500000 36.000000 19.500000 47.500000 152.500000
792000 49.500000 36.000000 19.500000 47.500000 152.500000
793000 49.500000 36.000000 19.500000 47.500000 152.500000
794000 49.500000 36.000000 19.500000 47.500000 152.500000
795000 49.500000 36.000000 19.500000 47.500000 152.500000
796000 49.500000 36.000000 19.500000 47.500000 152.500000
797000 50.000000 36.000000 19.500000 47.500000 153.000000
798000 50.000000 36.000000 19.500000 47.500000 153.000000
799000 50.000000 36.500000 19.500000 47.500000 153.500000
800000 50.000000 36.500000 19.500000 47.500000 153.500000
801000 50.000000 36.500000 19.500000 47.500000 153.500000
802000 50.000000 36.500000 19.500000 47.500000 153.500000
803000 50.000000 37.000000 19.500000 47.500000 154.000000
804000 50.000000 37.000000 19.500000 47.500000 154.000000
805000 50.500000 37.000000 19.500000 47.500000 154.500000
806000 50.500000 37.000000 19.500000 47.500000 154.500000
807000 50.500000 37.000000 19.500000 47.500000 154.500000
808000 50.500000 37.000000 19.500000 47.500000 154.500000
809000 50.500000 37.000000 19.500000 48.000000 155.000000
810000 50.500000 37.000000 19.500000 48.000000 155.000000
811000 50.500000 37.000000 19.500000 48.000000 155.000000
812000 50.500000 37.000000 19.500000 48.000000 155.000000
813000 50.500000 37.000000 19.500000 48.000000 155.000000
814000 50.500000 37.000000 19.500000 48.000000 155.000000
815000 50.500000 37.000000 19.500000 48.000000 155.000000
816000 50.500000 37.000000 19.500000 48.000000 155.000000
817000 50.500000 37.000000 19.500000 48.000000 155.000000
818000 50.500000 37.000000 19.500000 48.000000 155.000000
819000 50.500000 37.000000 19.500000 48.000000 155.000000
820000 50.500000 37.000000 19.500000 48.000000 155.000000
821000 51.000000 37.000000 19.500000 48.500000 156.000000
822000 51.000000 37.000000 19.500000 48.500000 156.000000
823000 51.000000 37.000000 19.500000 48.500000 156.000000
824000 51.000000 37.500000 19.500000 48.500000 156.500000
825000 51.000000 37.500000 19.500000 48.500000 156.500000
826000 51.000000 37.500000 19.500000 48.500000 156.500000
827000 51.000000 37.500000 19.500000 48.500000 156.500000
828000 51.000000 37.500000 19.500000 48.500000 156.500000
829000 51.000000 37.500000 19.500000 48.500000 156.500000
830000 51.000000 37.500000 19.500000 49.000000 157.000000
831000 51.000000 37.500000 19.500000 49.000000 157.000000
832000 51.000000 37.500000 19.500000 49.000000 157.000000
833000 51.500000 37.500000 19.500000 49.000000 157.500000
834000 51.500000 37.500000 19.500000 49.000000 157.500000
835000 51.500000 37.500000 19.500000 49.000000 157.500000
836000 51.500000 37.500000 19.500000 49.500000 158.000000
837000 51.500000 37.500000 19.500000 49.500000 158.000000
838000 52.000000 37.500000 19.500000 49.500000 158.500000
839000 52.000000 37.500000 19.500000 49.500000 158.500000
840000 52.000000 37.500000 19.500000 49.500000 158.500000
841000 52.000000 37.500000 19.500000 49.500000 158.500000
842000 52.000000 38.000000 19.500000 49.500000 159.000000
843000 52.000000 38.000000 19.500000 49.500000 159.000000
844000 52.000000 38.000000 19.500000 49.500000 159.000000
845000 52.000000 38.000000 19.500000 49.500000 159.000000
846000 52.000000 38.000000 19.500000 49.500000 159.000000
847000 52.000000 38.000000 19.500000 49.500000 159.000000
848000 52.000000 38.000000 19.500000 49.500000 159.000000
849000 52.000000 38.000000 19.500000 49.500000 159.000000
850000 52.000000 38.000000 19.500000 49.500000 159.000000
851000 52.000000 38.000000 19.500000 49.500000 159.000000
852000 52.000000 38.000000 19.500000 49.500000 159.000000
853000 52.000000 38.000000 19.500000 49.500000 159.000000
854000 52.000000 38.000000 19.500000 49.500000 159.000000
855000 52.500000 38.000000 19.500000 49.500000 159.500000
856000 52.500000 38.000000 19.500000 49.500000 159.500000
857000 52.500000 38.000000 19.500000 49.500000 159.500000
858000 52.500000 38.000000 19.500000 49.500000 159.500000
859000 52.500000 38.000000 19.500000 49.500000 159.500000
860000 52.500000 38.000000 19.500000 49.500000 159.500000
861000 52.500000 38.000000 19.500000 50.000000 160.000000
862000 52.500000 38.000000 19.500000 50.000000 160.000000
863000 52.500000 38.000000 19.500000 50.000000 160.000000
864000 52.500000 38.000000 19.500000 50.000000 160.000000
865000 52.500000 38.000000 19.500000 50.000000 160.000000
866000 52.500000 38.000000 19.500000 50.000000 160.000000
867000 52.500000 38.000000 19.500000 50.000000 160.000000
868000 52.500000 38.000000 19.500000 50.000000 160.000000
869000 52.500000 38.000000 19.500000 50.000000 160.000000
870000 52.500000 38.000000 19.500000 50.000000 160.000000
871000 52.500000 38.000000 19.500000 50.000000 160.000000
872000 52.500000 38.000000 19.500000 50.000000 160.000000
873000 52.500000 38.000000 19.500000 50.500000 160.500000
874000 52.500000 38.000000 19.500000 50.500000 160.500000
875000 53.000000 38.000000 19.500000 50.500000 161.000000
876000 53.000000 38.000000 19.500000 50.500000 161.000000
877000 53.000000 38.000000 19.500000 50.500000 161.000000
878000 53.000000 38.000000 19.500000 50.500000 161.000000
879000 53.000000 38.500000 20.000000 50.500000 162.000000
880000 53.000000 38.500000 20.000000 50.500000 162.000000
881000 53.000000 38.500000 20.000000 50.500000 162.000000
882000 53.000000 38.500000 20.000000 50.500000 162.000000
883000 53.000000 38.500000 20.000000 50.500000 162.000000
884000 53.000000 38.500000 20.000000 51.000000 162.500000
885000 53.000000 38.500000 20.000000 51.000000 162.500000
886000 53.000000 38.500000 20.000000 51.000000 162.500000
887000 53.000000 38.500000 20.000000 51.000000 162.500000
888000 53.000000 38.500000 20.000000 51.000000 162.500000
889000 53.000000 38.500000 20.000000 51.000000 162.500000
890000 53.000000 38.500000 20.000000 51.000000 162.500000
891000 53.000000 38.500000 20.000000 51.000000 162.500000
892000 53.000000 38.500000 20.000000 51.000000 162.500000
893000 53.000000 38.500000 20.000000 51.000000 162.500000
894000 53.000000 38.500000 20.000000 51.000000 162.500000
895000 53.000000 38.500000 20.000000 51.000000 162.500000
896000 53.000000 39.000000 20.000000 51.000000 163.000000
897000 53.000000 39.000000 20.000000 51.000000 163.000000
898000 53.000000 39.000000 20.000000 51.000000 163.000000
899000 53.000000 39.000000 20.000000 51.000000 163.000000
900000 53.000000 39.000000 20.000000 51.000000 163.000000
901000 53.000000 39.000000 20.000000 51.000000 163.000000
902000 53.000000 39.000000 20.000000 51.000000 163.000000
903000 53.000000 39.000000 20.000000 51.000000 163.000000
904000 53.000000 39.000000 20.000000 51.000000 163.000000
905000 53.000000 39.000000 20.000000 51.000000 163.000000
906000 53.000000 39.000000 20.000000 51.000000 163.000000
907000 53.000000 39.000000 20.000000 51.000000 163.000000
908000 53.000000 39.500000 20.000000 51.000000 163.500000
909000 53.500000 39.500000 20.000000 51.000000 164.000000
910000 53.500000 39.500000 20.000000 51.000000 164.000000
911000 53.500000 39.500000 20.000000 51.000000 164.000000
912000 53.500000 39.500000 20.000000 51.000000 164.000000
913000 53.500000 39.500000 20.000000 51.000000 164.000000
914000 53.500000 39.500000 20.000000 51.000000 164.000000
915000 53.500000 39.500000 20.000000 51.000000 164.000000
916000 53.500000 39.500000 20.000000 51.000000 164.000000
917000 53.500000 39.500000 20.000000 51.000000 164.000000
918000 53.500000 39.500000 20.000000 51.000000 164.000000
919000 53.500000 39.500000 20.000000 51.000000 164.000000
920000 53.500000 39.500000 20.000000 51.000000 164.000000
921000 53.500000 39.500000 20.000000 51.000000 164.000000
922000 53.500000 39.500000 20.000000 51.000000 164.000000
923000 53.500000 39.500000 20.000000 51.000000 164.000000
924000 53.500000 39.500000 20.000000 51.000000 164.000000
925000 53.500000 39.500000 20.000000 51.000000 164.000000
926000 54.000000 39.500000 20.000000 51.000000 164.500000
927000 54.500000 39.500000 20.000000 51.000000 165.000000
928000 54.500000 39.500000 20.000000 51.000000 165.000000
929000 54.500000 39.500000 20.000000 51.000000 165.000000
930000 54.500000 39.500000 20.000000 51.000000 165.000000
931000 54.500000 39.500000 20.000000 51.500000 165.500000
932000 54.500000 40.000000 20.000000 51.500000 166.000000
933000 54.500000 40.500000 20.500000 52.000000 167.500000
934000 54.500000 41.000000 20.500000 52.000000 168.000000
935000 54.500000 41.000000 20.500000 52.000000 168.000000
936000 54.500000 41.000000 20.500000 52.000000 168.000000
937000 55.000000 41.000000 20.500000 52.000000 168.500000
938000 55.000000 41.000000 20.500000 52.000000 168.500000
939000 55.000000 41.000000 20.500000 52.000000 168.500000
940000 55.000000 41.000000 20.500000 52.000000 168.500000
941000 55.000000 41.000000 20.500000 52.000000 168.500000
942000 55.000000 41.500000 20.500000 52.000000 169.000000
943000 55.000000 41.500000 20.500000 52.000000 169.000000
944000 55.000000 42.000000 20.500000 52.000000 169.500000
945000 55.000000 42.000000 20.500000 52.000000 169.500000
946000 55.000000 42.000000 20.500000 52.000000 169.500000
947000 55.500000 42.000000 20.500000 52.000000 170.000000
948000 55.500000 42.500000 20.500000 52.000000 170.500000
949000 55.500000 42.500000 20.500000 52.000000 170.500000
950000 55.500000 42.500000 20.500000 52.000000 170.500000
951000 56.500000 42.500000 20.500000 52.000000 171.500000
952000 56.500000 42.500000 20.500000 52.000000 171.500000
953000 56.500000 42.500000 20.500000 52.000000 171.500000
954000 57.000000 42.500000 20.500000 53.000000 173.000000
955000 57.000000 42.500000 20.500000 53.000000 173.000000
956000 57.000000 42.500000 20.500000 53.000000 173.000000
957000 57.000000 42.500000 20.500000 53.000000 173.000000
958000 57.000000 42.500000 20.500000 53.000000 173.000000
959000 57.000000 42.500000 20.500000 53.000000 173.000000
960000 57.000000 42.500000 20.500000 53.000000 173.000000
961000 57.000000 42.500000 20.500000 53.000000 173.000000
962000 57.000000 43.000000 20.500000 53.000000 173.500000
963000 57.000000 43.000000 20.500000 53.000000 173.500000
964000 57.000000 43.500000 20.500000 53.000000 174.000000
965000 57.000000 43.500000 20.500000 53.500000 174.500000
966000 57.000000 43.500000 20.500000 53.500000 174.500000
967000 57.000000 43.500000 20.500000 53.500000 174.500000
968000 57.000000 43.500000 20.500000 53.500000 174.500000
969000 57.000000 43.500000 20.500000 53.500000 174.500000
970000 57.000000 43.500000 20.500000 53.500000 174.500000
971000 57.000000 43.500000 21.000000 53.500000 175.000000
972000 57.000000 43.500000 21.000000 53.500000 175.000000
973000 57.000000 43.500000 21.000000 53.500000 175.000000
974000 57.000000 43.500000 21.000000 53.500000 175.000000
975000 57.000000 43.500000 21.000000 53.500000 175.000000
976000 57.000000 43.500000 21.000000 53.500000 175.000000
977000 57.000000 43.500000 21.000000 53.500000 175.000000
978000 57.000000 43.500000 21.000000 53.500000 175.000000
979000 57.000000 43.500000 21.000000 53.500000 175.000000
980000 57.000000 43.500000 21.000000 53.500000 175.000000
981000 57.000000 43.500000 21.000000 53.500000 175.000000
982000 57.500000 44.000000 21.000000 53.500000 176.000000
983000 57.500000 44.000000 21.000000 53.500000 176.000000
984000 57.500000 44.000000 21.000000 53.500000 176.000000
985000 57.500000 44.000000 21.000000 53.500000 176.000000
986000 57.500000 44.000000 21.000000 53.500000 176.000000
987000 57.500000 44.000000 21.000000 53.500000 176.000000
988000 58.000000 44.000000 21.000000 53.500000 176.500000
989000 58.500000 44.000000 21.000000 53.500000 177.000000
990000 58.500000 44.000000 21.000000 53.500000 177.000000
991000 59.000000 44.500000 21.000000 53.500000 178.000000
992000 59.000000 44.500000 21.000000 54.000000 178.500000
993000 59.000000 44.500000 21.000000 54.500000 179.000000
994000 59.000000 44.500000 21.000000 54.500000 179.000000
995000 59.000000 44.500000 21.000000 54.500000 179.000000
996000 59.000000 44.500000 21.000000 54.500000 179.000000
997000 59.000000 44.500000 21.000000 55.000000 179.500000
998000 59.000000 44.500000 21.000000 55.000000 179.500000
999000 59.000000 44.500000 21.000000 55.000000 179.500000
