# Number of caught targets in hetero or homo sets (accumulated over time)
# col1: Update time, col2: Number of targets caught by DCS in hetero sets, col3: Number of targets caught by GCS in hetero sets, col4: Number of targets caught by DCS in homo sets, col5: Number of targets caught by GCS in homo sets, col6: Total number of caught targets
0 0.000000 0.000000 0.000000 0.000000 0.000000
1000 0.000000 0.000000 0.000000 0.000000 0.000000
2000 0.000000 0.500000 0.000000 0.000000 0.500000
3000 0.000000 0.500000 0.000000 0.500000 1.000000
4000 0.000000 0.500000 0.000000 1.000000 1.500000
5000 0.000000 0.500000 0.000000 1.000000 1.500000
6000 0.000000 1.000000 0.000000 2.500000 3.500000
7000 0.000000 1.000000 0.000000 3.000000 4.000000
8000 0.000000 1.000000 0.000000 3.000000 4.000000
9000 0.000000 1.000000 0.000000 3.000000 4.000000
10000 0.000000 1.000000 0.000000 3.000000 4.000000
11000 0.000000 1.000000 0.000000 3.000000 4.000000
12000 0.000000 1.000000 0.000000 3.000000 4.000000
13000 0.000000 1.000000 0.000000 4.000000 5.000000
14000 0.000000 1.000000 0.000000 4.000000 5.000000
15000 0.000000 1.000000 0.000000 4.000000 5.000000
16000 0.000000 1.500000 0.000000 5.500000 7.000000
17000 0.000000 1.500000 0.000000 6.000000 7.500000
18000 0.500000 1.500000 0.000000 6.000000 8.000000
19000 0.500000 1.500000 0.000000 6.000000 8.000000
20000 0.500000 1.500000 0.000000 6.500000 8.500000
21000 0.500000 1.500000 0.000000 6.500000 8.500000
22000 0.500000 1.500000 0.000000 6.500000 8.500000
23000 0.500000 1.500000 0.000000 6.500000 8.500000
24000 0.500000 1.500000 0.000000 6.500000 8.500000
25000 0.500000 1.500000 0.000000 7.500000 9.500000
26000 0.500000 1.500000 0.000000 7.500000 9.500000
27000 0.500000 1.500000 0.000000 7.500000 9.500000
28000 1.000000 1.500000 0.000000 7.500000 10.000000
29000 1.000000 1.500000 0.000000 7.500000 10.000000
30000 1.000000 1.500000 0.000000 7.500000 10.000000
31000 1.000000 1.500000 0.000000 7.500000 10.000000
32000 1.000000 2.000000 0.000000 7.500000 10.500000
33000 1.000000 2.000000 0.000000 7.500000 10.500000
34000 1.000000 2.000000 0.000000 7.500000 10.500000
35000 1.000000 2.000000 0.000000 7.500000 10.500000
36000 1.000000 2.000000 0.000000 7.500000 10.500000
37000 1.000000 2.000000 0.000000 8.000000 11.000000
38000 1.000000 2.000000 0.000000 8.000000 11.000000
39000 1.000000 2.000000 0.000000 8.000000 11.000000
40000 1.000000 2.000000 0.000000 8.000000 11.000000
41000 1.000000 2.000000 0.000000 8.000000 11.000000
42000 1.000000 2.500000 0.000000 8.000000 11.500000
43000 1.000000 2.500000 0.000000 8.000000 11.500000
44000 1.000000 3.000000 0.000000 9.500000 13.500000
45000 1.000000 3.000000 0.000000 11.000000 15.000000
46000 1.500000 3.000000 0.000000 11.000000 15.500000
47000 1.500000 3.000000 0.000000 11.000000 15.500000
48000 1.500000 3.000000 0.000000 11.000000 15.500000
49000 1.500000 3.000000 0.000000 11.000000 15.500000
50000 1.500000 3.000000 0.000000 11.000000 15.500000
51000 1.500000 3.000000 0.000000 11.000000 15.500000
52000 1.500000 3.500000 0.000000 11.000000 16.000000
53000 1.500000 3.500000 0.000000 13.000000 18.000000
54000 1.500000 3.500000 0.000000 13.000000 18.000000
55000 1.500000 3.500000 0.000000 13.000000 18.000000
56000 1.500000 3.500000 0.000000 13.000000 18.000000
57000 1.500000 3.500000 0.000000 13.000000 18.000000
58000 1.500000 3.500000 0.000000 13.000000 18.000000
59000 1.500000 3.500000 0.000000 13.500000 18.500000
60000 1.500000 3.500000 0.000000 13.500000 18.500000
61000 1.500000 3.500000 0.000000 13.500000 18.500000
62000 1.500000 3.500000 0.000000 13.500000 18.500000
63000 1.500000 3.500000 0.000000 13.500000 18.500000
64000 1.500000 3.500000 0.000000 13.500000 18.500000
65000 1.500000 3.500000 0.000000 13.500000 18.500000
66000 1.500000 3.500000 0.000000 13.500000 18.500000
67000 1.500000 3.500000 0.000000 13.500000 18.500000
68000 1.500000 3.500000 0.000000 13.500000 18.500000
69000 1.500000 3.500000 0.000000 14.000000 19.000000
70000 1.500000 3.500000 0.000000 14.000000 19.000000
71000 1.500000 4.000000 0.000000 14.000000 19.500000
72000 1.500000 4.000000 0.000000 14.500000 20.000000
73000 1.500000 4.000000 0.000000 14.500000 20.000000
74000 1.500000 4.000000 0.000000 15.000000 20.500000
75000 1.500000 4.500000 0.000000 15.500000 21.500000
76000 1.500000 4.500000 0.000000 17.000000 23.000000
77000 1.500000 4.500000 0.000000 17.000000 23.000000
78000 1.500000 4.500000 0.000000 17.000000 23.000000
79000 1.500000 4.500000 0.000000 17.500000 23.500000
80000 2.000000 4.500000 0.000000 17.500000 24.000000
81000 2.000000 4.500000 0.000000 17.500000 24.000000
82000 2.000000 4.500000 0.000000 17.500000 24.000000
83000 2.000000 4.500000 0.000000 17.500000 24.000000
84000 2.000000 5.000000 0.000000 17.500000 24.500000
85000 2.000000 5.000000 0.500000 17.500000 25.000000
86000 2.000000 5.000000 0.500000 17.500000 25.000000
87000 2.000000 5.000000 0.500000 17.500000 25.000000
88000 2.000000 5.000000 0.500000 17.500000 25.000000
89000 2.000000 5.000000 0.500000 17.500000 25.000000
90000 2.000000 5.000000 0.500000 17.500000 25.000000
91000 2.000000 5.000000 0.500000 17.500000 25.000000
92000 2.000000 5.000000 0.500000 18.000000 25.500000
93000 2.000000 5.000000 0.500000 18.000000 25.500000
94000 2.000000 5.000000 0.500000 19.000000 26.500000
95000 2.000000 5.000000 0.500000 19.000000 26.500000
96000 2.000000 5.000000 0.500000 19.000000 26.500000
97000 2.000000 5.000000 0.500000 19.000000 26.500000
98000 2.000000 5.000000 0.500000 19.000000 26.500000
99000 2.000000 5.000000 0.500000 19.500000 27.000000
100000 2.000000 5.500000 1.000000 19.500000 28.000000
101000 2.000000 5.500000 1.000000 19.500000 28.000000
102000 2.000000 5.500000 1.000000 20.000000 28.500000
103000 2.000000 5.500000 1.000000 20.000000 28.500000
104000 2.000000 5.500000 1.000000 20.000000 28.500000
105000 2.000000 5.500000 1.000000 20.500000 29.000000
106000 2.000000 5.500000 1.000000 21.000000 29.500000
107000 2.500000 5.500000 1.000000 21.000000 30.000000
108000 2.500000 5.500000 1.000000 21.000000 30.000000
109000 2.500000 5.500000 1.000000 21.000000 30.000000
110000 2.500000 5.500000 1.000000 21.000000 30.000000
111000 2.500000 5.500000 1.000000 21.000000 30.000000
112000 2.500000 5.500000 1.000000 21.000000 30.000000
113000 2.500000 5.500000 1.000000 21.000000 30.000000
114000 2.500000 6.000000 1.000000 21.000000 30.500000
115000 2.500000 6.000000 1.000000 21.500000 31.000000
116000 2.500000 6.000000 1.000000 21.500000 31.000000
117000 2.500000 6.000000 1.000000 21.500000 31.000000
118000 2.500000 6.000000 1.500000 21.500000 31.500000
119000 2.500000 6.000000 1.500000 21.500000 31.500000
120000 2.500000 6.000000 1.500000 21.500000 31.500000
121000 2.500000 6.500000 1.500000 21.500000 32.000000
122000 2.500000 6.500000 1.500000 22.000000 32.500000
123000 2.500000 6.500000 1.500000 22.500000 33.000000
124000 2.500000 6.500000 1.500000 22.500000 33.000000
125000 2.500000 6.500000 1.500000 22.500000 33.000000
126000 2.500000 6.500000 1.500000 22.500000 33.000000
127000 2.500000 6.500000 1.500000 22.500000 33.000000
128000 2.500000 6.500000 1.500000 25.000000 35.500000
129000 2.500000 6.500000 1.500000 25.000000 35.500000
130000 2.500000 6.500000 1.500000 25.000000 35.500000
131000 2.500000 6.500000 1.500000 25.000000 35.500000
132000 2.500000 7.000000 1.500000 26.500000 37.500000
133000 2.500000 7.000000 1.500000 27.000000 38.000000
134000 2.500000 7.000000 1.500000 27.500000 38.500000
135000 2.500000 7.000000 1.500000 27.500000 38.500000
136000 2.500000 7.000000 1.500000 27.500000 38.500000
137000 2.500000 7.000000 1.500000 27.500000 38.500000
138000 2.500000 7.000000 1.500000 28.000000 39.000000
139000 2.500000 7.000000 1.500000 28.000000 39.000000
140000 2.500000 7.000000 1.500000 28.500000 39.500000
141000 2.500000 7.000000 1.500000 28.500000 39.500000
142000 2.500000 7.000000 1.500000 29.000000 40.000000
143000 2.500000 7.000000 1.500000 29.000000 40.000000
144000 2.500000 7.000000 1.500000 29.500000 40.500000
145000 2.500000 7.000000 1.500000 30.000000 41.000000
146000 2.500000 7.000000 1.500000 30.500000 41.500000
147000 2.500000 7.000000 3.000000 31.000000 43.500000
148000 2.500000 7.000000 3.000000 31.500000 44.000000
149000 2.500000 7.000000 3.000000 31.500000 44.000000
150000 2.500000 7.000000 3.000000 32.000000 44.500000
151000 2.500000 7.000000 3.000000 32.000000 44.500000
152000 2.500000 7.000000 3.000000 32.000000 44.500000
153000 2.500000 7.000000 3.000000 32.000000 44.500000
154000 2.500000 7.000000 3.000000 32.000000 44.500000
155000 2.500000 7.000000 3.000000 32.500000 45.000000
156000 2.500000 7.000000 3.000000 32.500000 45.000000
157000 3.000000 7.000000 3.000000 32.500000 45.500000
158000 3.000000 7.000000 3.000000 32.500000 45.500000
159000 3.000000 7.000000 3.000000 33.000000 46.000000
160000 3.000000 7.000000 3.000000 33.000000 46.000000
161000 3.000000 7.000000 3.000000 33.500000 46.500000
162000 3.000000 7.000000 3.000000 33.500000 46.500000
163000 3.500000 7.000000 3.000000 33.500000 47.000000
164000 3.500000 7.000000 3.000000 34.500000 48.000000
165000 3.500000 7.000000 3.500000 34.500000 48.500000
166000 3.500000 7.000000 3.500000 34.500000 48.500000
167000 3.500000 7.000000 3.500000 34.500000 48.500000
168000 3.500000 7.000000 3.500000 35.000000 49.000000
169000 3.500000 7.000000 3.500000 35.500000 49.500000
170000 3.500000 7.000000 3.500000 35.500000 49.500000
171000 3.500000 7.000000 3.500000 36.000000 50.000000
172000 3.500000 7.000000 3.500000 36.000000 50.000000
173000 3.500000 7.000000 3.500000 36.000000 50.000000
174000 3.500000 7.000000 3.500000 36.500000 50.500000
175000 3.500000 7.000000 3.500000 37.000000 51.000000
176000 3.500000 7.000000 3.500000 37.000000 51.000000
177000 3.500000 7.000000 3.500000 38.000000 52.000000
178000 3.500000 7.000000 3.500000 38.000000 52.000000
179000 3.500000 7.000000 3.500000 38.500000 52.500000
180000 3.500000 7.000000 3.500000 38.500000 52.500000
181000 3.500000 7.000000 3.500000 38.500000 52.500000
182000 3.500000 7.000000 3.500000 38.500000 52.500000
183000 3.500000 7.000000 3.500000 38.500000 52.500000
184000 3.500000 7.000000 3.500000 38.500000 52.500000
185000 3.500000 7.000000 3.500000 38.500000 52.500000
186000 3.500000 7.000000 3.500000 38.500000 52.500000
187000 3.500000 7.000000 5.000000 38.500000 54.000000
188000 3.500000 7.000000 5.000000 39.000000 54.500000
189000 3.500000 7.000000 5.000000 39.000000 54.500000
190000 3.500000 7.000000 5.000000 39.000000 54.500000
191000 3.500000 7.000000 5.000000 40.000000 55.500000
192000 3.500000 7.000000 5.000000 40.000000 55.500000
193000 3.500000 7.000000 5.000000 40.500000 56.000000
194000 3.500000 7.000000 5.000000 40.500000 56.000000
195000 3.500000 7.000000 5.000000 40.500000 56.000000
196000 3.500000 7.000000 5.000000 41.000000 56.500000
197000 3.500000 7.000000 5.000000 41.000000 56.500000
198000 3.500000 7.000000 5.000000 41.000000 56.500000
199000 3.500000 7.000000 5.000000 42.500000 58.000000
200000 3.500000 7.000000 5.000000 44.000000 59.500000
201000 3.500000 7.000000 5.000000 44.000000 59.500000
202000 3.500000 7.000000 5.000000 44.500000 60.000000
203000 3.500000 7.000000 5.000000 44.500000 60.000000
204000 3.500000 7.000000 5.000000 45.000000 60.500000
205000 3.500000 7.000000 5.000000 45.000000 60.500000
206000 3.500000 7.000000 5.000000 45.000000 60.500000
207000 3.500000 7.000000 5.000000 45.000000 60.500000
208000 3.500000 7.000000 5.000000 45.000000 60.500000
209000 3.500000 7.000000 5.000000 45.000000 60.500000
210000 3.500000 7.000000 5.000000 45.000000 60.500000
211000 3.500000 7.000000 5.000000 45.000000 60.500000
212000 3.500000 7.000000 5.000000 46.000000 61.500000
213000 3.500000 7.000000 5.000000 46.500000 62.000000
214000 3.500000 7.000000 5.000000 47.000000 62.500000
215000 3.500000 7.000000 5.000000 47.000000 62.500000
216000 3.500000 7.000000 5.000000 47.000000 62.500000
217000 3.500000 7.000000 5.000000 47.000000 62.500000
218000 3.500000 7.000000 5.000000 47.000000 62.500000
219000 3.500000 7.000000 5.000000 47.000000 62.500000
220000 3.500000 7.000000 5.000000 47.000000 62.500000
221000 3.500000 7.000000 5.000000 47.000000 62.500000
222000 3.500000 7.000000 5.000000 47.500000 63.000000
223000 3.500000 7.000000 5.000000 47.500000 63.000000
224000 3.500000 7.000000 5.000000 47.500000 63.000000
225000 3.500000 7.000000 5.000000 48.000000 63.500000
226000 3.500000 7.000000 5.000000 48.000000 63.500000
227000 4.000000 7.000000 5.500000 49.500000 66.000000
228000 4.000000 7.000000 5.500000 50.000000 66.500000
229000 4.000000 7.000000 5.500000 51.000000 67.500000
230000 4.000000 7.000000 5.500000 51.000000 67.500000
231000 4.000000 7.000000 5.500000 51.500000 68.000000
232000 4.000000 7.000000 5.500000 51.500000 68.000000
233000 4.000000 7.000000 5.500000 51.500000 68.000000
234000 4.000000 7.000000 5.500000 52.000000 68.500000
235000 4.000000 7.000000 5.500000 52.000000 68.500000
236000 4.000000 7.000000 5.500000 52.000000 68.500000
237000 4.000000 7.000000 5.500000 52.000000 68.500000
238000 4.000000 7.000000 5.500000 52.500000 69.000000
239000 4.000000 7.000000 5.500000 53.000000 69.500000
240000 4.000000 7.000000 5.500000 53.000000 69.500000
241000 4.000000 7.000000 5.500000 53.000000 69.500000
242000 4.000000 7.000000 5.500000 53.000000 69.500000
243000 4.000000 7.000000 5.500000 53.000000 69.500000
244000 4.000000 7.000000 5.500000 53.000000 69.500000
245000 4.000000 7.000000 6.000000 53.000000 70.000000
246000 4.000000 7.000000 6.000000 53.000000 70.000000
247000 4.000000 7.000000 6.000000 54.000000 71.000000
248000 4.000000 7.000000 6.000000 55.000000 72.000000
249000 4.000000 7.000000 6.000000 55.000000 72.000000
250000 4.000000 7.000000 6.000000 55.000000 72.000000
251000 4.000000 7.000000 6.000000 55.000000 72.000000
252000 4.000000 7.000000 6.500000 55.000000 72.500000
253000 4.000000 7.000000 6.500000 55.000000 72.500000
254000 4.000000 7.000000 6.500000 55.000000 72.500000
255000 4.000000 7.000000 6.500000 56.000000 73.500000
256000 4.000000 7.000000 6.500000 56.000000 73.500000
257000 4.000000 7.000000 6.500000 58.500000 76.000000
258000 4.000000 7.000000 6.500000 58.500000 76.000000
259000 4.000000 7.000000 7.000000 58.500000 76.500000
260000 4.000000 7.000000 8.000000 60.500000 79.500000
261000 4.000000 7.000000 8.000000 61.000000 80.000000
262000 4.000000 7.000000 8.000000 61.000000 80.000000
263000 4.000000 7.000000 8.000000 61.000000 80.000000
264000 4.000000 7.000000 8.000000 61.500000 80.500000
265000 4.000000 7.000000 8.500000 62.000000 81.500000
266000 4.000000 7.000000 8.500000 62.000000 81.500000
267000 4.000000 7.000000 8.500000 62.000000 81.500000
268000 4.000000 7.000000 8.500000 62.500000 82.000000
269000 4.000000 7.000000 8.500000 62.500000 82.000000
270000 4.000000 7.000000 8.500000 63.000000 82.500000
271000 4.000000 7.000000 8.500000 63.000000 82.500000
272000 4.000000 7.000000 8.500000 63.000000 82.500000
273000 4.000000 7.000000 8.500000 63.000000 82.500000
274000 4.000000 7.000000 8.500000 63.000000 82.500000
275000 4.000000 7.000000 8.500000 63.000000 82.500000
276000 4.000000 7.000000 8.500000 63.000000 82.500000
277000 4.000000 7.000000 8.500000 63.000000 82.500000
278000 4.000000 7.000000 8.500000 63.000000 82.500000
279000 4.000000 7.000000 8.500000 63.000000 82.500000
280000 4.000000 7.000000 8.500000 63.000000 82.500000
281000 4.000000 7.000000 8.500000 63.500000 83.000000
282000 4.000000 7.000000 8.500000 63.500000 83.000000
283000 4.000000 7.000000 8.500000 63.500000 83.000000
284000 4.000000 7.000000 8.500000 63.500000 83.000000
285000 4.000000 7.000000 8.500000 63.500000 83.000000
286000 4.000000 7.000000 8.500000 63.500000 83.000000
287000 4.000000 7.000000 8.500000 63.500000 83.000000
288000 4.000000 7.000000 8.500000 65.000000 84.500000
289000 4.000000 7.000000 8.500000 65.000000 84.500000
290000 4.000000 7.000000 8.500000 65.000000 84.500000
291000 4.000000 7.000000 11.000000 65.000000 87.000000
292000 4.000000 7.000000 11.000000 65.000000 87.000000
293000 4.000000 7.000000 11.000000 65.000000 87.000000
294000 4.000000 7.000000 11.000000 65.000000 87.000000
295000 4.000000 7.000000 11.000000 65.000000 87.000000
296000 4.000000 7.000000 11.000000 65.000000 87.000000
297000 4.000000 7.000000 11.000000 65.500000 87.500000
298000 4.000000 7.000000 11.000000 65.500000 87.500000
299000 4.000000 7.000000 11.000000 65.500000 87.500000
300000 4.000000 7.000000 11.000000 66.000000 88.000000
301000 4.000000 7.000000 11.000000 66.000000 88.000000
302000 4.000000 7.000000 11.000000 66.500000 88.500000
303000 4.000000 7.000000 11.000000 66.500000 88.500000
304000 4.000000 7.000000 11.000000 67.500000 89.500000
305000 4.000000 7.000000 11.000000 67.500000 89.500000
306000 4.000000 7.000000 11.000000 68.000000 90.000000
307000 4.000000 7.000000 11.000000 68.000000 90.000000
308000 4.000000 7.000000 11.000000 68.000000 90.000000
309000 4.000000 7.000000 11.000000 68.000000 90.000000
310000 4.000000 7.000000 11.000000 68.500000 90.500000
311000 4.000000 7.000000 11.000000 68.500000 90.500000
312000 4.000000 7.000000 11.000000 68.500000 90.500000
313000 4.000000 7.000000 11.000000 68.500000 90.500000
314000 4.500000 7.000000 11.000000 68.500000 91.000000
315000 4.500000 7.000000 11.000000 68.500000 91.000000
316000 4.500000 7.000000 11.000000 68.500000 91.000000
317000 4.500000 7.000000 11.000000 68.500000 91.000000
318000 4.500000 7.000000 11.000000 69.000000 91.500000
319000 4.500000 7.000000 11.000000 69.000000 91.500000
320000 4.500000 7.000000 11.000000 69.000000 91.500000
321000 4.500000 7.000000 11.000000 69.000000 91.500000
322000 4.500000 7.000000 11.000000 69.000000 91.500000
323000 4.500000 7.000000 11.000000 69.000000 91.500000
324000 4.500000 7.000000 11.000000 69.000000 91.500000
325000 4.500000 7.000000 11.000000 69.500000 92.000000
326000 4.500000 7.000000 11.000000 70.000000 92.500000
327000 4.500000 7.000000 11.000000 71.000000 93.500000
328000 4.500000 7.000000 11.000000 72.000000 94.500000
329000 4.500000 7.000000 11.000000 72.000000 94.500000
330000 4.500000 7.000000 11.000000 72.000000 94.500000
331000 4.500000 7.000000 11.000000 72.000000 94.500000
332000 4.500000 7.000000 11.500000 72.000000 95.000000
333000 4.500000 7.000000 11.500000 72.000000 95.000000
334000 4.500000 7.000000 11.500000 72.000000 95.000000
335000 4.500000 7.000000 11.500000 72.000000 95.000000
336000 4.500000 7.000000 11.500000 72.000000 95.000000
337000 4.500000 7.000000 11.500000 72.000000 95.000000
338000 4.500000 7.000000 11.500000 72.000000 95.000000
339000 4.500000 7.000000 11.500000 72.500000 95.500000
340000 4.500000 7.000000 11.500000 73.000000 96.000000
341000 4.500000 7.000000 11.500000 73.000000 96.000000
342000 4.500000 7.000000 11.500000 73.000000 96.000000
343000 4.500000 7.000000 11.500000 73.000000 96.000000
344000 4.500000 7.000000 11.500000 73.000000 96.000000
345000 4.500000 7.000000 11.500000 73.000000 96.000000
346000 4.500000 7.000000 11.500000 73.000000 96.000000
347000 4.500000 7.000000 11.500000 73.000000 96.000000
348000 4.500000 7.000000 11.500000 73.000000 96.000000
349000 4.500000 7.000000 11.500000 74.000000 97.000000
350000 4.500000 7.000000 11.500000 74.000000 97.000000
351000 4.500000 7.000000 11.500000 74.000000 97.000000
352000 4.500000 7.000000 11.500000 74.500000 97.500000
353000 4.500000 7.000000 11.500000 74.500000 97.500000
354000 4.500000 7.000000 11.500000 75.000000 98.000000
355000 4.500000 7.000000 11.500000 75.000000 98.000000
356000 4.500000 7.000000 11.500000 75.000000 98.000000
357000 4.500000 7.000000 11.500000 75.000000 98.000000
358000 4.500000 7.000000 11.500000 75.000000 98.000000
359000 4.500000 7.000000 11.500000 75.500000 98.500000
360000 4.500000 7.000000 11.500000 75.500000 98.500000
361000 4.500000 7.000000 11.500000 75.500000 98.500000
362000 4.500000 7.000000 11.500000 75.500000 98.500000
363000 4.500000 7.000000 11.500000 75.500000 98.500000
364000 4.500000 7.000000 11.500000 76.000000 99.000000
365000 4.500000 7.000000 11.500000 76.000000 99.000000
366000 4.500000 7.000000 11.500000 76.000000 99.000000
367000 4.500000 7.000000 11.500000 76.000000 99.000000
368000 4.500000 7.000000 11.500000 76.000000 99.000000
369000 4.500000 7.000000 11.500000 76.000000 99.000000
370000 4.500000 7.000000 11.500000 76.500000 99.500000
371000 4.500000 7.000000 11.500000 76.500000 99.500000
372000 4.500000 7.000000 11.500000 76.500000 99.500000
373000 4.500000 7.000000 11.500000 76.500000 99.500000
374000 4.500000 7.000000 11.500000 76.500000 99.500000
375000 4.500000 7.000000 11.500000 77.000000 100.000000
376000 4.500000 7.000000 11.500000 77.500000 100.500000
377000 4.500000 7.000000 11.500000 77.500000 100.500000
378000 4.500000 7.000000 11.500000 77.500000 100.500000
379000 4.500000 7.000000 11.500000 77.500000 100.500000
380000 4.500000 7.000000 11.500000 77.500000 100.500000
381000 4.500000 7.000000 11.500000 79.500000 102.500000
382000 4.500000 7.000000 11.500000 79.500000 102.500000
383000 4.500000 7.000000 11.500000 79.500000 102.500000
384000 4.500000 7.000000 11.500000 79.500000 102.500000
385000 4.500000 7.000000 11.500000 80.000000 103.000000
386000 4.500000 7.000000 11.500000 80.000000 103.000000
387000 4.500000 7.000000 11.500000 80.000000 103.000000
388000 4.500000 7.000000 11.500000 80.000000 103.000000
389000 4.500000 7.000000 11.500000 80.000000 103.000000
390000 4.500000 7.000000 11.500000 80.000000 103.000000
391000 4.500000 7.000000 11.500000 80.000000 103.000000
392000 4.500000 7.000000 11.500000 80.500000 103.500000
393000 4.500000 7.000000 11.500000 80.500000 103.500000
394000 4.500000 7.000000 11.500000 80.500000 103.500000
395000 4.500000 7.000000 11.500000 80.500000 103.500000
396000 4.500000 7.000000 12.000000 80.500000 104.000000
397000 4.500000 7.000000 12.000000 80.500000 104.000000
398000 4.500000 7.000000 12.000000 80.500000 104.000000
399000 4.500000 7.000000 12.000000 80.500000 104.000000
400000 4.500000 7.000000 12.000000 81.000000 104.500000
401000 4.500000 7.000000 12.000000 81.000000 104.500000
402000 4.500000 7.000000 12.000000 81.000000 104.500000
403000 4.500000 7.000000 12.000000 81.500000 105.000000
404000 4.500000 7.000000 12.000000 81.500000 105.000000
405000 4.500000 7.000000 12.000000 81.500000 105.000000
406000 4.500000 7.000000 12.000000 81.500000 105.000000
407000 4.500000 7.000000 12.000000 82.000000 105.500000
408000 4.500000 7.000000 12.000000 82.000000 105.500000
409000 4.500000 7.000000 12.000000 82.000000 105.500000
410000 4.500000 7.000000 12.000000 82.000000 105.500000
411000 4.500000 7.000000 12.000000 82.000000 105.500000
412000 4.500000 7.000000 12.000000 82.000000 105.500000
413000 4.500000 7.000000 12.000000 82.000000 105.500000
414000 4.500000 7.000000 12.000000 82.500000 106.000000
415000 4.500000 7.000000 12.000000 82.500000 106.000000
416000 4.500000 7.000000 12.000000 82.500000 106.000000
417000 4.500000 7.000000 12.000000 82.500000 106.000000
418000 4.500000 7.000000 12.000000 83.500000 107.000000
419000 4.500000 7.000000 12.000000 84.000000 107.500000
420000 4.500000 7.000000 12.000000 84.500000 108.000000
421000 4.500000 7.000000 12.000000 86.000000 109.500000
422000 4.500000 7.000000 12.000000 86.000000 109.500000
423000 4.500000 7.000000 12.000000 86.500000 110.000000
424000 4.500000 7.000000 12.000000 87.000000 110.500000
425000 4.500000 7.000000 12.000000 89.000000 112.500000
426000 4.500000 7.000000 12.000000 89.000000 112.500000
427000 4.500000 7.000000 12.000000 89.000000 112.500000
428000 4.500000 7.000000 12.000000 89.000000 112.500000
429000 4.500000 7.000000 12.000000 89.500000 113.000000
430000 4.500000 7.000000 12.000000 90.000000 113.500000
431000 4.500000 7.000000 12.000000 90.000000 113.500000
432000 4.500000 7.000000 12.000000 90.000000 113.500000
433000 4.500000 7.000000 12.000000 90.000000 113.500000
434000 4.500000 7.000000 12.000000 90.000000 113.500000
435000 4.500000 7.000000 12.500000 90.000000 114.000000
436000 4.500000 7.000000 13.000000 91.000000 115.500000
437000 4.500000 7.000000 13.000000 91.000000 115.500000
438000 4.500000 7.000000 13.000000 91.000000 115.500000
439000 4.500000 7.000000 13.000000 91.000000 115.500000
440000 4.500000 7.000000 13.000000 91.000000 115.500000
441000 4.500000 7.000000 13.000000 91.500000 116.000000
442000 4.500000 7.000000 13.000000 91.500000 116.000000
443000 4.500000 7.000000 13.000000 92.000000 116.500000
444000 4.500000 7.000000 13.000000 92.500000 117.000000
445000 4.500000 7.000000 13.000000 94.500000 119.000000
446000 4.500000 7.000000 13.000000 96.000000 120.500000
447000 4.500000 7.000000 13.000000 96.500000 121.000000
448000 4.500000 7.000000 13.000000 96.500000 121.000000
449000 4.500000 7.000000 13.000000 96.500000 121.000000
450000 4.500000 7.000000 13.000000 96.500000 121.000000
451000 4.500000 7.000000 13.000000 97.000000 121.500000
452000 4.500000 7.000000 13.000000 97.000000 121.500000
453000 4.500000 7.000000 13.000000 97.000000 121.500000
454000 4.500000 7.000000 13.000000 97.500000 122.000000
455000 4.500000 7.000000 13.000000 97.500000 122.000000
456000 4.500000 7.000000 13.000000 97.500000 122.000000
457000 4.500000 7.000000 13.000000 97.500000 122.000000
458000 4.500000 7.000000 13.000000 99.000000 123.500000
459000 4.500000 7.000000 13.000000 99.000000 123.500000
460000 4.500000 7.000000 13.000000 99.500000 124.000000
461000 4.500000 7.000000 13.000000 99.500000 124.000000
462000 4.500000 7.000000 13.000000 99.500000 124.000000
463000 4.500000 7.000000 13.000000 100.000000 124.500000
464000 4.500000 7.000000 13.000000 100.000000 124.500000
465000 4.500000 7.000000 13.000000 101.000000 125.500000
466000 4.500000 7.000000 13.000000 101.500000 126.000000
467000 4.500000 7.000000 13.000000 101.500000 126.000000
468000 4.500000 7.000000 13.000000 101.500000 126.000000
469000 4.500000 7.000000 13.000000 102.000000 126.500000
470000 4.500000 7.000000 13.500000 102.000000 127.000000
471000 4.500000 7.000000 16.000000 102.000000 129.500000
472000 4.500000 7.000000 16.000000 102.000000 129.500000
473000 4.500000 7.000000 16.000000 102.000000 129.500000
474000 4.500000 7.000000 16.000000 102.000000 129.500000
475000 4.500000 7.000000 16.000000 102.000000 129.500000
476000 4.500000 7.000000 16.000000 102.000000 129.500000
477000 4.500000 7.000000 16.000000 102.500000 130.000000
478000 4.500000 7.000000 16.000000 102.500000 130.000000
479000 4.500000 7.000000 16.000000 105.000000 132.500000
480000 4.500000 7.000000 16.000000 105.000000 132.500000
481000 4.500000 7.000000 16.000000 105.000000 132.500000
482000 4.500000 7.000000 16.000000 105.000000 132.500000
483000 4.500000 7.000000 16.000000 105.500000 133.000000
484000 4.500000 7.000000 16.000000 106.000000 133.500000
485000 4.500000 7.000000 16.000000 106.000000 133.500000
486000 4.500000 7.000000 16.000000 106.000000 133.500000
487000 4.500000 7.000000 16.000000 106.000000 133.500000
488000 4.500000 7.000000 16.000000 106.500000 134.000000
489000 4.500000 7.000000 16.000000 106.500000 134.000000
490000 4.500000 7.000000 16.000000 106.500000 134.000000
491000 4.500000 7.000000 16.000000 106.500000 134.000000
492000 4.500000 7.000000 16.000000 106.500000 134.000000
493000 4.500000 7.000000 16.000000 106.500000 134.000000
494000 4.500000 7.000000 16.000000 106.500000 134.000000
495000 4.500000 7.000000 16.000000 106.500000 134.000000
496000 4.500000 7.000000 16.000000 106.500000 134.000000
497000 4.500000 7.000000 16.000000 106.500000 134.000000
498000 4.500000 7.000000 16.000000 106.500000 134.000000
499000 4.500000 7.000000 16.000000 106.500000 134.000000
500000 4.500000 7.000000 16.000000 106.500000 134.000000
501000 4.500000 7.000000 16.000000 106.500000 134.000000
502000 4.500000 7.000000 16.000000 106.500000 134.000000
503000 4.500000 7.000000 16.000000 107.000000 134.500000
504000 4.500000 7.000000 16.000000 107.500000 135.000000
505000 4.500000 7.000000 16.000000 108.500000 136.000000
506000 4.500000 7.000000 16.000000 108.500000 136.000000
507000 4.500000 7.000000 16.000000 108.500000 136.000000
508000 4.500000 7.000000 16.000000 108.500000 136.000000
509000 4.500000 7.000000 16.000000 110.000000 137.500000
510000 4.500000 7.000000 16.000000 110.000000 137.500000
511000 4.500000 7.000000 16.000000 111.000000 138.500000
512000 4.500000 7.000000 16.000000 111.500000 139.000000
513000 4.500000 7.000000 16.000000 111.500000 139.000000
514000 4.500000 7.000000 16.000000 113.500000 141.000000
515000 4.500000 7.000000 16.000000 114.000000 141.500000
516000 4.500000 7.000000 16.000000 114.000000 141.500000
517000 4.500000 7.000000 17.500000 114.000000 143.000000
518000 4.500000 7.000000 17.500000 114.500000 143.500000
519000 4.500000 7.000000 17.500000 115.000000 144.000000
520000 4.500000 7.000000 17.500000 115.500000 144.500000
521000 4.500000 7.000000 17.500000 115.500000 144.500000
522000 4.500000 7.000000 17.500000 115.500000 144.500000
523000 4.500000 7.000000 17.500000 115.500000 144.500000
524000 4.500000 7.000000 17.500000 115.500000 144.500000
525000 4.500000 7.000000 18.000000 115.500000 145.000000
526000 4.500000 7.000000 18.000000 115.500000 145.000000
527000 4.500000 7.000000 18.000000 115.500000 145.000000
528000 4.500000 7.000000 18.000000 116.000000 145.500000
529000 4.500000 7.000000 18.000000 116.000000 145.500000
530000 4.500000 7.000000 18.000000 116.500000 146.000000
531000 4.500000 7.000000 18.000000 116.500000 146.000000
532000 4.500000 7.000000 18.000000 116.500000 146.000000
533000 4.500000 7.000000 18.000000 116.500000 146.000000
534000 4.500000 7.000000 18.000000 116.500000 146.000000
535000 4.500000 7.000000 18.000000 116.500000 146.000000
536000 4.500000 7.000000 18.000000 116.500000 146.000000
537000 4.500000 7.000000 18.000000 116.500000 146.000000
538000 4.500000 7.000000 18.000000 116.500000 146.000000
539000 4.500000 7.000000 18.000000 116.500000 146.000000
540000 4.500000 7.000000 18.000000 116.500000 146.000000
541000 4.500000 7.000000 18.000000 117.000000 146.500000
542000 4.500000 7.000000 18.000000 117.500000 147.000000
543000 4.500000 7.000000 18.500000 117.500000 147.500000
544000 4.500000 7.000000 18.500000 117.500000 147.500000
545000 4.500000 7.000000 18.500000 117.500000 147.500000
546000 4.500000 7.000000 18.500000 118.000000 148.000000
547000 4.500000 7.000000 18.500000 118.000000 148.000000
548000 4.500000 7.000000 18.500000 118.000000 148.000000
549000 4.500000 7.000000 18.500000 118.500000 148.500000
550000 4.500000 7.000000 18.500000 119.000000 149.000000
551000 4.500000 7.000000 18.500000 119.000000 149.000000
552000 4.500000 7.000000 18.500000 119.000000 149.000000
553000 4.500000 7.000000 18.500000 119.000000 149.000000
554000 4.500000 7.000000 18.500000 119.000000 149.000000
555000 4.500000 7.000000 18.500000 119.500000 149.500000
556000 4.500000 7.000000 18.500000 119.500000 149.500000
557000 4.500000 7.000000 18.500000 119.500000 149.500000
558000 4.500000 7.000000 18.500000 119.500000 149.500000
559000 4.500000 7.000000 18.500000 119.500000 149.500000
560000 4.500000 7.000000 18.500000 119.500000 149.500000
561000 4.500000 7.000000 18.500000 119.500000 149.500000
562000 4.500000 7.000000 18.500000 120.000000 150.000000
563000 4.500000 7.000000 18.500000 120.500000 150.500000
564000 4.500000 7.000000 18.500000 120.500000 150.500000
565000 4.500000 7.000000 18.500000 120.500000 150.500000
566000 4.500000 7.000000 18.500000 120.500000 150.500000
567000 4.500000 7.000000 18.500000 120.500000 150.500000
568000 4.500000 7.000000 18.500000 120.500000 150.500000
569000 4.500000 7.000000 18.500000 120.500000 150.500000
570000 4.500000 7.000000 18.500000 121.000000 151.000000
571000 4.500000 7.000000 18.500000 121.000000 151.000000
572000 4.500000 7.000000 18.500000 121.000000 151.000000
573000 4.500000 7.000000 18.500000 121.000000 151.000000
574000 4.500000 7.000000 18.500000 122.500000 152.500000
575000 4.500000 7.000000 19.500000 123.000000 154.000000
576000 4.500000 7.000000 19.500000 123.000000 154.000000
577000 4.500000 7.000000 19.500000 123.500000 154.500000
578000 4.500000 7.000000 19.500000 123.500000 154.500000
579000 4.500000 7.000000 19.500000 123.500000 154.500000
580000 4.500000 7.000000 19.500000 123.500000 154.500000
581000 4.500000 7.000000 19.500000 124.000000 155.000000
582000 4.500000 7.000000 19.500000 124.000000 155.000000
583000 4.500000 7.000000 19.500000 124.000000 155.000000
584000 4.500000 7.000000 19.500000 124.000000 155.000000
585000 4.500000 7.000000 19.500000 124.500000 155.500000
586000 4.500000 7.000000 19.500000 124.500000 155.500000
587000 4.500000 7.000000 19.500000 124.500000 155.500000
588000 4.500000 7.000000 19.500000 124.500000 155.500000
589000 4.500000 7.000000 19.500000 124.500000 155.500000
590000 4.500000 7.000000 19.500000 124.500000 155.500000
591000 4.500000 7.000000 19.500000 124.500000 155.500000
592000 4.500000 7.000000 19.500000 124.500000 155.500000
593000 4.500000 7.000000 19.500000 124.500000 155.500000
594000 4.500000 7.000000 19.500000 124.500000 155.500000
595000 4.500000 7.000000 19.500000 124.500000 155.500000
596000 4.500000 7.000000 19.500000 125.000000 156.000000
597000 4.500000 7.000000 19.500000 125.000000 156.000000
598000 4.500000 7.000000 19.500000 125.500000 156.500000
599000 4.500000 7.000000 19.500000 125.500000 156.500000
600000 4.500000 7.000000 19.500000 125.500000 156.500000
601000 4.500000 7.000000 19.500000 125.500000 156.500000
602000 4.500000 7.000000 19.500000 125.500000 156.500000
603000 4.500000 7.000000 19.500000 125.500000 156.500000
604000 4.500000 7.000000 19.500000 125.500000 156.500000
605000 4.500000 7.000000 19.500000 126.500000 157.500000
606000 4.500000 7.000000 19.500000 126.500000 157.500000
607000 4.500000 7.000000 19.500000 127.000000 158.000000
608000 4.500000 7.000000 19.500000 127.000000 158.000000
609000 4.500000 7.000000 19.500000 127.000000 158.000000
610000 4.500000 7.000000 19.500000 127.000000 158.000000
611000 4.500000 7.000000 19.500000 127.000000 158.000000
612000 4.500000 7.000000 19.500000 127.000000 158.000000
613000 4.500000 7.000000 19.500000 127.000000 158.000000
614000 4.500000 7.000000 19.500000 127.000000 158.000000
615000 4.500000 7.000000 19.500000 127.000000 158.000000
616000 4.500000 7.000000 19.500000 127.000000 158.000000
617000 4.500000 7.000000 19.500000 127.000000 158.000000
618000 4.500000 7.000000 19.500000 127.000000 158.000000
619000 4.500000 7.000000 19.500000 127.000000 158.000000
620000 4.500000 7.000000 19.500000 127.000000 158.000000
621000 4.500000 7.000000 19.500000 127.500000 158.500000
622000 4.500000 7.000000 19.500000 127.500000 158.500000
623000 4.500000 7.000000 19.500000 127.500000 158.500000
624000 4.500000 7.000000 19.500000 127.500000 158.500000
625000 4.500000 7.000000 19.500000 127.500000 158.500000
626000 4.500000 7.000000 19.500000 127.500000 158.500000
627000 4.500000 7.000000 19.500000 127.500000 158.500000
628000 4.500000 7.000000 22.000000 127.500000 161.000000
629000 4.500000 7.000000 22.000000 127.500000 161.000000
630000 4.500000 7.000000 22.000000 127.500000 161.000000
631000 4.500000 7.000000 22.000000 127.500000 161.000000
632000 4.500000 7.000000 22.000000 127.500000 161.000000
633000 4.500000 7.000000 22.000000 127.500000 161.000000
634000 4.500000 7.000000 22.000000 128.500000 162.000000
635000 4.500000 7.000000 22.000000 128.500000 162.000000
636000 4.500000 7.000000 22.000000 129.000000 162.500000
637000 4.500000 7.000000 22.000000 129.500000 163.000000
638000 4.500000 7.000000 22.000000 129.500000 163.000000
639000 4.500000 7.000000 22.000000 130.000000 163.500000
640000 4.500000 7.000000 22.000000 130.500000 164.000000
641000 4.500000 7.000000 22.000000 130.500000 164.000000
642000 4.500000 7.000000 22.000000 130.500000 164.000000
643000 4.500000 7.000000 22.000000 131.000000 164.500000
644000 4.500000 7.000000 22.000000 131.000000 164.500000
645000 4.500000 7.000000 22.000000 131.000000 164.500000
646000 4.500000 7.000000 22.000000 131.000000 164.500000
647000 4.500000 7.000000 22.000000 131.000000 164.500000
648000 4.500000 7.000000 22.000000 131.000000 164.500000
649000 4.500000 7.000000 22.000000 131.000000 164.500000
650000 4.500000 7.000000 22.000000 131.500000 165.000000
651000 4.500000 7.000000 22.000000 135.000000 168.500000
652000 4.500000 7.000000 22.000000 135.000000 168.500000
653000 4.500000 7.000000 22.000000 135.000000 168.500000
654000 4.500000 7.000000 22.000000 135.500000 169.000000
655000 4.500000 7.000000 22.000000 136.000000 169.500000
656000 4.500000 7.000000 22.000000 136.000000 169.500000
657000 4.500000 7.000000 22.000000 136.000000 169.500000
658000 4.500000 7.000000 22.000000 136.000000 169.500000
659000 4.500000 7.000000 22.000000 136.000000 169.500000
660000 4.500000 7.000000 22.000000 136.000000 169.500000
661000 4.500000 7.000000 22.000000 136.000000 169.500000
662000 4.500000 7.000000 22.000000 136.000000 169.500000
663000 4.500000 7.000000 22.000000 136.000000 169.500000
664000 4.500000 7.000000 22.000000 136.000000 169.500000
665000 4.500000 7.000000 22.000000 136.000000 169.500000
666000 4.500000 7.000000 22.000000 137.000000 170.500000
667000 4.500000 7.000000 22.000000 137.000000 170.500000
668000 4.500000 7.000000 22.000000 137.000000 170.500000
669000 4.500000 7.000000 22.000000 139.500000 173.000000
670000 4.500000 7.000000 22.000000 139.500000 173.000000
671000 4.500000 7.000000 22.000000 139.500000 173.000000
672000 4.500000 7.000000 22.000000 140.000000 173.500000
673000 4.500000 7.000000 22.000000 140.000000 173.500000
674000 4.500000 7.000000 22.000000 140.500000 174.000000
675000 4.500000 7.000000 22.000000 140.500000 174.000000
676000 4.500000 7.000000 22.000000 142.000000 175.500000
677000 4.500000 7.000000 22.000000 142.500000 176.000000
678000 4.500000 7.000000 25.000000 143.000000 179.500000
679000 4.500000 7.000000 25.000000 143.500000 180.000000
680000 4.500000 7.000000 25.000000 144.000000 180.500000
681000 4.500000 7.000000 25.000000 144.000000 180.500000
682000 4.500000 7.000000 26.000000 144.000000 181.500000
683000 4.500000 7.000000 26.000000 144.000000 181.500000
684000 4.500000 7.000000 26.000000 144.500000 182.000000
685000 4.500000 7.000000 26.000000 144.500000 182.000000
686000 4.500000 7.000000 26.000000 145.000000 182.500000
687000 4.500000 7.000000 26.000000 145.000000 182.500000
688000 4.500000 7.000000 26.000000 145.000000 182.500000
689000 4.500000 7.000000 26.000000 145.000000 182.500000
690000 4.500000 7.000000 26.000000 145.000000 182.500000
691000 4.500000 7.000000 26.000000 145.000000 182.500000
692000 4.500000 7.000000 26.000000 145.000000 182.500000
693000 4.500000 7.000000 26.000000 145.000000 182.500000
694000 4.500000 7.000000 26.000000 145.000000 182.500000
695000 4.500000 7.000000 26.000000 145.000000 182.500000
696000 4.500000 7.000000 26.000000 145.000000 182.500000
697000 4.500000 7.000000 26.000000 145.000000 182.500000
698000 4.500000 7.000000 26.000000 145.000000 182.500000
699000 4.500000 7.000000 26.000000 145.000000 182.500000
700000 4.500000 7.000000 26.000000 145.000000 182.500000
701000 4.500000 7.000000 27.000000 145.000000 183.500000
702000 4.500000 7.000000 27.000000 145.000000 183.500000
703000 4.500000 7.000000 27.000000 145.000000 183.500000
704000 4.500000 7.000000 27.000000 145.500000 184.000000
705000 4.500000 7.000000 27.000000 145.500000 184.000000
706000 4.500000 7.000000 27.000000 146.000000 184.500000
707000 4.500000 7.000000 27.000000 146.500000 185.000000
708000 4.500000 7.000000 27.000000 148.000000 186.500000
709000 4.500000 7.000000 27.000000 148.500000 187.000000
710000 4.500000 7.000000 27.000000 148.500000 187.000000
711000 4.500000 7.000000 27.500000 148.500000 187.500000
712000 4.500000 7.000000 27.500000 148.500000 187.500000
713000 4.500000 7.000000 27.500000 148.500000 187.500000
714000 4.500000 7.000000 27.500000 148.500000 187.500000
715000 4.500000 7.000000 27.500000 149.000000 188.000000
716000 4.500000 7.000000 27.500000 149.500000 188.500000
717000 4.500000 7.000000 27.500000 149.500000 188.500000
718000 4.500000 7.000000 27.500000 149.500000 188.500000
719000 4.500000 7.000000 27.500000 149.500000 188.500000
720000 4.500000 7.000000 27.500000 149.500000 188.500000
721000 4.500000 7.000000 27.500000 149.500000 188.500000
722000 4.500000 7.000000 27.500000 149.500000 188.500000
723000 4.500000 7.000000 27.500000 149.500000 188.500000
724000 4.500000 7.000000 27.500000 149.500000 188.500000
725000 4.500000 7.000000 27.500000 149.500000 188.500000
726000 4.500000 7.000000 27.500000 149.500000 188.500000
727000 4.500000 7.000000 27.500000 149.500000 188.500000
728000 4.500000 7.000000 27.500000 149.500000 188.500000
729000 4.500000 7.000000 27.500000 149.500000 188.500000
730000 4.500000 7.000000 27.500000 150.000000 189.000000
731000 4.500000 7.000000 27.500000 150.000000 189.000000
732000 4.500000 7.000000 27.500000 150.000000 189.000000
733000 4.500000 7.000000 27.500000 150.000000 189.000000
734000 4.500000 7.000000 28.000000 150.000000 189.500000
735000 4.500000 7.000000 28.000000 150.000000 189.500000
736000 4.500000 7.000000 28.000000 150.000000 189.500000
737000 4.500000 7.000000 28.000000 150.000000 189.500000
738000 4.500000 7.000000 28.000000 150.000000 189.500000
739000 4.500000 7.000000 28.000000 150.000000 189.500000
740000 4.500000 7.000000 28.000000 150.500000 190.000000
741000 4.500000 7.000000 28.000000 151.000000 190.500000
742000 4.500000 7.000000 28.000000 151.500000 191.000000
743000 4.500000 7.000000 28.000000 151.500000 191.000000
744000 4.500000 7.000000 28.000000 151.500000 191.000000
745000 4.500000 7.000000 28.000000 151.500000 191.000000
746000 4.500000 7.000000 28.000000 151.500000 191.000000
747000 4.500000 7.000000 28.000000 152.000000 191.500000
748000 4.500000 7.000000 28.000000 152.000000 191.500000
749000 4.500000 7.000000 28.000000 152.000000 191.500000
750000 4.500000 7.000000 28.000000 152.000000 191.500000
751000 4.500000 7.000000 28.000000 152.000000 191.500000
752000 4.500000 7.000000 28.000000 152.000000 191.500000
753000 4.500000 7.000000 28.000000 152.000000 191.500000
754000 4.500000 7.000000 28.000000 152.500000 192.000000
755000 4.500000 7.000000 28.000000 153.000000 192.500000
756000 4.500000 7.000000 28.000000 153.000000 192.500000
757000 4.500000 7.000000 28.000000 153.000000 192.500000
758000 4.500000 7.000000 28.000000 153.000000 192.500000
759000 4.500000 7.000000 28.000000 153.000000 192.500000
760000 4.500000 7.000000 30.000000 153.000000 194.500000
761000 4.500000 7.000000 30.000000 153.000000 194.500000
762000 4.500000 7.000000 30.000000 153.000000 194.500000
763000 4.500000 7.000000 30.000000 153.000000 194.500000
764000 4.500000 7.000000 30.000000 153.000000 194.500000
765000 4.500000 7.000000 31.000000 153.000000 195.500000
766000 4.500000 7.000000 31.000000 153.000000 195.500000
767000 4.500000 7.000000 31.000000 153.000000 195.500000
768000 4.500000 7.000000 31.000000 153.000000 195.500000
769000 4.500000 7.000000 31.000000 153.000000 195.500000
770000 4.500000 7.000000 31.000000 153.000000 195.500000
771000 4.500000 7.000000 31.000000 153.500000 196.000000
772000 4.500000 7.000000 31.000000 153.500000 196.000000
773000 4.500000 7.000000 31.000000 153.500000 196.000000
774000 4.500000 7.000000 31.000000 153.500000 196.000000
775000 4.500000 7.000000 31.000000 153.500000 196.000000
776000 4.500000 7.000000 31.000000 153.500000 196.000000
777000 4.500000 7.000000 31.000000 153.500000 196.000000
778000 4.500000 7.000000 31.000000 153.500000 196.000000
779000 4.500000 7.000000 31.000000 154.000000 196.500000
780000 4.500000 7.000000 31.000000 154.500000 197.000000
781000 4.500000 7.000000 31.000000 155.000000 197.500000
782000 4.500000 7.000000 31.000000 155.000000 197.500000
783000 4.500000 7.000000 31.000000 155.000000 197.500000
784000 4.500000 7.000000 31.000000 155.000000 197.500000
785000 4.500000 7.000000 31.000000 155.000000 197.500000
786000 4.500000 7.000000 31.000000 156.500000 199.000000
787000 4.500000 7.000000 31.000000 156.500000 199.000000
788000 4.500000 7.000000 31.000000 156.500000 199.000000
789000 4.500000 7.000000 31.000000 157.000000 199.500000
790000 4.500000 7.000000 31.000000 157.000000 199.500000
791000 4.500000 7.000000 31.000000 157.000000 199.500000
792000 4.500000 7.000000 31.000000 157.000000 199.500000
793000 4.500000 7.000000 31.000000 157.000000 199.500000
794000 4.500000 7.000000 31.000000 157.000000 199.500000
795000 4.500000 7.000000 31.000000 157.000000 199.500000
796000 4.500000 7.000000 31.000000 157.000000 199.500000
797000 4.500000 7.000000 31.000000 157.000000 199.500000
798000 4.500000 7.000000 31.000000 157.000000 199.500000
799000 4.500000 7.000000 31.000000 157.000000 199.500000
800000 4.500000 7.000000 31.000000 157.000000 199.500000
801000 4.500000 7.000000 31.000000 157.000000 199.500000
802000 4.500000 7.000000 31.000000 157.000000 199.500000
803000 4.500000 7.000000 31.000000 157.000000 199.500000
804000 4.500000 7.000000 31.000000 157.000000 199.500000
805000 4.500000 7.000000 31.000000 157.500000 200.000000
806000 4.500000 7.000000 31.000000 157.500000 200.000000
807000 4.500000 7.000000 31.000000 157.500000 200.000000
808000 4.500000 7.000000 31.000000 158.000000 200.500000
809000 4.500000 7.000000 31.000000 159.500000 202.000000
810000 4.500000 7.000000 31.000000 160.000000 202.500000
811000 4.500000 7.000000 31.000000 161.500000 204.000000
812000 4.500000 7.000000 31.000000 161.500000 204.000000
813000 4.500000 7.000000 31.000000 162.000000 204.500000
814000 4.500000 7.000000 31.000000 162.000000 204.500000
815000 4.500000 7.000000 31.000000 163.000000 205.500000
816000 4.500000 7.000000 31.000000 164.000000 206.500000
817000 4.500000 7.000000 31.000000 164.000000 206.500000
818000 4.500000 7.000000 31.000000 165.500000 208.000000
819000 4.500000 7.000000 31.000000 165.500000 208.000000
820000 4.500000 7.000000 31.000000 165.500000 208.000000
821000 4.500000 7.000000 31.000000 167.000000 209.500000
822000 4.500000 7.000000 31.000000 167.500000 210.000000
823000 4.500000 7.000000 31.000000 168.000000 210.500000
824000 4.500000 7.000000 31.000000 168.000000 210.500000
825000 4.500000 7.000000 31.000000 168.000000 210.500000
826000 4.500000 7.000000 31.000000 168.000000 210.500000
827000 4.500000 7.000000 31.000000 168.000000 210.500000
828000 4.500000 7.000000 31.000000 168.000000 210.500000
829000 4.500000 7.000000 31.000000 168.000000 210.500000
830000 4.500000 7.000000 31.000000 168.000000 210.500000
831000 4.500000 7.000000 31.000000 168.000000 210.500000
832000 4.500000 7.000000 31.000000 168.000000 210.500000
833000 4.500000 7.000000 31.000000 168.000000 210.500000
834000 4.500000 7.000000 31.000000 168.000000 210.500000
835000 4.500000 7.000000 31.000000 168.000000 210.500000
836000 4.500000 7.000000 31.000000 168.500000 211.000000
837000 4.500000 7.000000 31.000000 168.500000 211.000000
838000 4.500000 7.000000 31.000000 168.500000 211.000000
839000 4.500000 7.000000 31.000000 169.500000 212.000000
840000 4.500000 7.000000 31.000000 169.500000 212.000000
841000 4.500000 7.000000 31.000000 170.000000 212.500000
842000 4.500000 7.000000 31.000000 170.500000 213.000000
843000 4.500000 7.000000 31.000000 171.000000 213.500000
844000 4.500000 7.000000 31.000000 171.500000 214.000000
845000 4.500000 7.000000 31.000000 171.500000 214.000000
846000 4.500000 7.000000 31.000000 171.500000 214.000000
847000 4.500000 7.000000 31.000000 172.000000 214.500000
848000 4.500000 7.000000 31.000000 173.000000 215.500000
849000 4.500000 7.000000 31.000000 173.000000 215.500000
850000 4.500000 7.000000 31.000000 173.000000 215.500000
851000 4.500000 7.000000 31.000000 173.500000 216.000000
852000 4.500000 7.000000 31.000000 174.000000 216.500000
853000 4.500000 7.000000 31.000000 174.000000 216.500000
854000 4.500000 7.000000 31.000000 174.000000 216.500000
855000 4.500000 7.000000 31.000000 174.000000 216.500000
856000 4.500000 7.000000 31.000000 174.000000 216.500000
857000 4.500000 7.000000 31.000000 174.000000 216.500000
858000 4.500000 7.000000 31.000000 174.000000 216.500000
859000 4.500000 7.000000 31.000000 174.000000 216.500000
860000 4.500000 7.000000 31.000000 174.500000 217.000000
861000 4.500000 7.000000 31.000000 174.500000 217.000000
862000 4.500000 7.000000 31.000000 174.500000 217.000000
863000 4.500000 7.000000 31.000000 174.500000 217.000000
864000 4.500000 7.000000 31.000000 174.500000 217.000000
865000 4.500000 7.000000 31.000000 174.500000 217.000000
866000 4.500000 7.000000 31.000000 174.500000 217.000000
867000 4.500000 7.000000 31.000000 174.500000 217.000000
868000 4.500000 7.000000 31.000000 174.500000 217.000000
869000 4.500000 7.000000 31.000000 174.500000 217.000000
870000 4.500000 7.000000 31.000000 175.000000 217.500000
871000 4.500000 7.000000 31.000000 175.000000 217.500000
872000 4.500000 7.000000 31.000000 175.000000 217.500000
873000 4.500000 7.000000 31.000000 175.000000 217.500000
874000 4.500000 7.000000 31.000000 175.000000 217.500000
875000 4.500000 7.000000 31.000000 175.000000 217.500000
876000 4.500000 7.000000 31.000000 175.500000 218.000000
877000 4.500000 7.000000 31.000000 175.500000 218.000000
878000 4.500000 7.000000 31.000000 179.000000 221.500000
879000 4.500000 7.000000 31.000000 179.500000 222.000000
880000 4.500000 7.000000 31.000000 179.500000 222.000000
881000 4.500000 7.000000 31.000000 183.000000 225.500000
882000 4.500000 7.000000 31.000000 183.500000 226.000000
883000 4.500000 7.000000 32.500000 183.500000 227.500000
884000 4.500000 7.000000 32.500000 183.500000 227.500000
885000 4.500000 7.000000 32.500000 184.500000 228.500000
886000 4.500000 7.000000 32.500000 184.500000 228.500000
887000 4.500000 7.000000 32.500000 184.500000 228.500000
888000 4.500000 7.000000 32.500000 185.000000 229.000000
889000 4.500000 7.000000 32.500000 185.000000 229.000000
890000 4.500000 7.000000 32.500000 187.500000 231.500000
891000 4.500000 7.000000 32.500000 189.000000 233.000000
892000 4.500000 7.000000 32.500000 190.000000 234.000000
893000 4.500000 7.000000 32.500000 190.500000 234.500000
894000 4.500000 7.000000 32.500000 190.500000 234.500000
895000 4.500000 7.000000 32.500000 190.500000 234.500000
896000 4.500000 7.000000 32.500000 190.500000 234.500000
897000 4.500000 7.000000 32.500000 190.500000 234.500000
898000 4.500000 7.000000 32.500000 191.000000 235.000000
899000 4.500000 7.000000 32.500000 191.000000 235.000000
900000 4.500000 7.000000 32.500000 191.000000 235.000000
901000 4.500000 7.000000 32.500000 191.000000 235.000000
902000 4.500000 7.000000 32.500000 191.000000 235.000000
903000 4.500000 7.000000 32.500000 191.500000 235.500000
904000 4.500000 7.000000 33.000000 191.500000 236.000000
905000 4.500000 7.000000 33.000000 191.500000 236.000000
906000 4.500000 7.000000 33.000000 191.500000 236.000000
907000 4.500000 7.000000 33.000000 192.000000 236.500000
908000 4.500000 7.000000 33.000000 192.000000 236.500000
909000 4.500000 7.000000 33.000000 192.000000 236.500000
910000 4.500000 7.000000 33.000000 192.000000 236.500000
911000 4.500000 7.000000 33.000000 192.500000 237.000000
912000 4.500000 7.000000 33.000000 192.500000 237.000000
913000 4.500000 7.000000 33.000000 192.500000 237.000000
914000 4.500000 7.000000 33.000000 193.000000 237.500000
915000 4.500000 7.000000 33.000000 193.000000 237.500000
916000 4.500000 7.000000 33.000000 193.000000 237.500000
917000 4.500000 7.000000 33.000000 193.500000 238.000000
918000 4.500000 7.000000 33.000000 193.500000 238.000000
919000 4.500000 7.000000 33.000000 193.500000 238.000000
920000 4.500000 7.000000 33.000000 193.500000 238.000000
921000 4.500000 7.000000 33.000000 193.500000 238.000000
922000 4.500000 7.000000 33.000000 193.500000 238.000000
923000 4.500000 7.000000 33.000000 194.500000 239.000000
924000 4.500000 7.000000 33.000000 194.500000 239.000000
925000 4.500000 7.000000 33.000000 195.000000 239.500000
926000 4.500000 7.000000 33.000000 195.000000 239.500000
927000 4.500000 7.000000 33.000000 195.500000 240.000000
928000 4.500000 7.000000 33.000000 195.500000 240.000000
929000 4.500000 7.000000 33.000000 195.500000 240.000000
930000 4.500000 7.000000 33.000000 195.500000 240.000000
931000 4.500000 7.000000 33.000000 196.500000 241.000000
932000 4.500000 7.000000 33.000000 196.500000 241.000000
933000 4.500000 7.000000 33.000000 197.000000 241.500000
934000 4.500000 7.000000 33.000000 197.000000 241.500000
935000 4.500000 7.000000 33.000000 197.000000 241.500000
936000 4.500000 7.000000 33.000000 197.500000 242.000000
937000 4.500000 7.000000 33.000000 197.500000 242.000000
938000 4.500000 7.000000 33.000000 197.500000 242.000000
939000 4.500000 7.000000 33.000000 198.000000 242.500000
940000 4.500000 7.000000 33.000000 198.500000 243.000000
941000 4.500000 7.000000 33.000000 198.500000 243.000000
942000 4.500000 7.000000 33.000000 198.500000 243.000000
943000 4.500000 7.000000 33.000000 198.500000 243.000000
944000 4.500000 7.000000 33.000000 199.000000 243.500000
945000 4.500000 7.000000 33.000000 199.000000 243.500000
946000 4.500000 7.000000 33.000000 199.000000 243.500000
947000 4.500000 7.000000 33.000000 199.000000 243.500000
948000 4.500000 7.000000 33.000000 199.000000 243.500000
949000 4.500000 7.000000 33.000000 199.000000 243.500000
950000 4.500000 7.000000 33.000000 199.000000 243.500000
951000 4.500000 7.000000 33.000000 199.000000 243.500000
952000 4.500000 7.000000 33.000000 199.000000 243.500000
953000 4.500000 7.000000 33.000000 199.500000 244.000000
954000 4.500000 7.000000 33.000000 199.500000 244.000000
955000 4.500000 7.000000 33.000000 199.500000 244.000000
956000 4.500000 7.000000 33.000000 199.500000 244.000000
957000 4.500000 7.000000 33.000000 199.500000 244.000000
958000 4.500000 7.000000 33.000000 200.000000 244.500000
959000 4.500000 7.000000 33.000000 200.000000 244.500000
960000 4.500000 7.000000 33.000000 200.000000 244.500000
961000 4.500000 7.000000 33.000000 200.000000 244.500000
962000 4.500000 7.000000 33.000000 200.000000 244.500000
963000 4.500000 7.000000 33.000000 200.000000 244.500000
964000 4.500000 7.000000 33.000000 200.000000 244.500000
965000 4.500000 7.000000 33.000000 200.000000 244.500000
966000 4.500000 7.000000 33.000000 200.000000 244.500000
967000 4.500000 7.000000 33.000000 200.000000 244.500000
968000 4.500000 7.000000 33.000000 200.000000 244.500000
969000 4.500000 7.000000 33.000000 200.500000 245.000000
970000 4.500000 7.000000 33.000000 200.500000 245.000000
971000 4.500000 7.000000 33.000000 201.000000 245.500000
972000 4.500000 7.000000 33.000000 201.000000 245.500000
973000 4.500000 7.000000 33.000000 201.000000 245.500000
974000 4.500000 7.000000 33.000000 201.500000 246.000000
975000 4.500000 7.000000 33.000000 202.000000 246.500000
976000 4.500000 7.000000 33.000000 202.000000 246.500000
977000 4.500000 7.000000 33.000000 202.000000 246.500000
978000 4.500000 7.000000 33.000000 203.500000 248.000000
979000 4.500000 7.000000 33.000000 204.000000 248.500000
980000 4.500000 7.000000 33.000000 204.500000 249.000000
981000 4.500000 7.000000 33.000000 204.500000 249.000000
982000 4.500000 7.000000 33.000000 205.000000 249.500000
983000 4.500000 7.000000 33.000000 205.000000 249.500000
984000 4.500000 7.000000 33.000000 205.500000 250.000000
985000 4.500000 7.000000 33.500000 205.500000 250.500000
986000 4.500000 7.000000 33.500000 207.500000 252.500000
987000 4.500000 7.000000 33.500000 207.500000 252.500000
988000 4.500000 7.000000 33.500000 207.500000 252.500000
989000 4.500000 7.000000 33.500000 208.000000 253.000000
990000 4.500000 7.000000 33.500000 208.000000 253.000000
991000 4.500000 7.000000 33.500000 208.000000 253.000000
992000 4.500000 7.000000 33.500000 208.000000 253.000000
993000 4.500000 7.000000 33.500000 208.000000 253.000000
994000 4.500000 7.000000 34.500000 208.000000 254.000000
995000 4.500000 7.000000 34.500000 208.500000 254.500000
996000 4.500000 7.000000 34.500000 208.500000 254.500000
997000 4.500000 7.000000 34.500000 209.000000 255.000000
998000 4.500000 7.000000 34.500000 209.000000 255.000000
999000 4.500000 7.000000 34.500000 209.000000 255.000000
