# Number of chasers in hetero or homo sets (within a specific time interval)
# col1: Update time, col2: Number of DCS chasers in hetero sets, col3: Number of GCS chasers in hetero sets, col4: Number of DCS chasers in homo sets, col5: Number of GCS chasers in homo sets
0 38135.000000 34838.500000 11865.000000 15161.500000
1000 39443.500000 36107.500000 10556.500000 13892.500000
2000 38531.000000 34950.500000 11469.000000 15049.500000
3000 39197.500000 34549.000000 10802.500000 15451.000000
4000 37711.000000 36106.000000 12289.000000 13894.000000
5000 38198.500000 32915.000000 11801.500000 17085.000000
6000 38877.500000 29791.000000 11122.500000 20209.000000
7000 36429.500000 30350.500000 13570.500000 19649.500000
8000 35799.500000 30301.000000 14200.500000 19699.000000
9000 36430.500000 28729.000000 13569.500000 21271.000000
10000 36615.000000 34015.000000 13385.000000 15985.000000
11000 35052.500000 33108.000000 14947.500000 16892.000000
12000 34528.500000 33352.000000 15471.500000 16648.000000
13000 41787.000000 36339.000000 8213.000000 13661.000000
14000 40173.500000 33585.500000 9826.500000 16414.500000
15000 40656.500000 32070.000000 9343.500000 17930.000000
16000 42429.000000 35870.000000 7571.000000 14130.000000
17000 43166.500000 37008.000000 6833.500000 12992.000000
18000 42450.500000 37776.500000 7549.500000 12223.500000
19000 42462.500000 37843.000000 7537.500000 12157.000000
20000 40846.000000 35013.000000 9154.000000 14987.000000
21000 37234.500000 31904.000000 12765.500000 18096.000000
22000 37152.000000 29550.000000 12848.000000 20450.000000
23000 41564.500000 31695.000000 8435.500000 18305.000000
24000 39535.000000 31064.000000 10465.000000 18936.000000
25000 40860.000000 35595.500000 9140.000000 14404.500000
26000 41704.000000 34397.500000 8296.000000 15602.500000
27000 44573.000000 34159.000000 5427.000000 15841.000000
28000 45642.000000 30248.500000 4358.000000 19751.500000
29000 41039.000000 29761.500000 8961.000000 20238.500000
30000 44661.500000 29624.000000 5338.500000 20376.000000
31000 46449.000000 29130.000000 3551.000000 20870.000000
32000 43083.500000 31779.500000 6916.500000 18220.500000
33000 43755.000000 34339.000000 6245.000000 15661.000000
34000 45937.500000 33151.500000 4062.500000 16848.500000
35000 42616.500000 32772.500000 7383.500000 17227.500000
36000 43420.000000 32389.000000 6580.000000 17611.000000
37000 43427.000000 32270.000000 6573.000000 17730.000000
38000 40378.000000 30939.500000 9622.000000 19060.500000
39000 38822.500000 27767.500000 11177.500000 22232.500000
40000 39794.000000 29417.000000 10206.000000 20583.000000
41000 42294.500000 30000.500000 7705.500000 19999.500000
42000 41818.000000 27840.000000 8182.000000 22160.000000
43000 39600.500000 27011.000000 10399.500000 22989.000000
44000 42385.000000 28785.500000 7615.000000 21214.500000
45000 46496.500000 30428.000000 3503.500000 19572.000000
46000 46803.500000 30851.500000 3196.500000 19148.500000
47000 45802.000000 28968.000000 4198.000000 21032.000000
48000 40751.500000 30709.500000 9248.500000 19290.500000
49000 39604.500000 30892.500000 10395.500000 19107.500000
50000 38111.000000 29000.000000 11889.000000 21000.000000
51000 37666.500000 32768.500000 12333.500000 17231.500000
52000 40740.000000 33409.500000 9260.000000 16590.500000
53000 40985.500000 29966.000000 9014.500000 20034.000000
54000 40210.000000 28842.500000 9790.000000 21157.500000
55000 35034.000000 32251.500000 14966.000000 17748.500000
56000 31393.500000 33417.000000 18606.500000 16583.000000
57000 30927.000000 31846.000000 19073.000000 18154.000000
58000 34970.000000 31499.500000 15030.000000 18500.500000
59000 40553.000000 32683.500000 9447.000000 17316.500000
60000 37690.000000 32304.500000 12310.000000 17695.500000
61000 35701.000000 30604.000000 14299.000000 19396.000000
62000 39020.500000 33091.500000 10979.500000 16908.500000
63000 37601.000000 30988.000000 12399.000000 19012.000000
64000 33979.000000 29555.000000 16021.000000 20445.000000
65000 38256.500000 29221.500000 11743.500000 20778.500000
66000 39638.000000 30914.000000 10362.000000 19086.000000
67000 38725.000000 31473.000000 11275.000000 18527.000000
68000 40166.000000 31656.500000 9834.000000 18343.500000
69000 41080.500000 31056.000000 8919.500000 18944.000000
70000 38602.500000 34541.000000 11397.500000 15459.000000
71000 31431.500000 30726.500000 18568.500000 19273.500000
72000 28533.500000 32742.500000 21466.500000 17257.500000
73000 31629.500000 33623.500000 18370.500000 16376.500000
74000 36505.500000 34240.500000 13494.500000 15759.500000
75000 37589.500000 31816.500000 12410.500000 18183.500000
76000 38273.000000 35448.500000 11727.000000 14551.500000
77000 36543.000000 35931.500000 13457.000000 14068.500000
78000 40482.000000 32853.000000 9518.000000 17147.000000
79000 40896.000000 31219.000000 9104.000000 18781.000000
80000 40974.500000 29259.500000 9025.500000 20740.500000
81000 39311.500000 28683.000000 10688.500000 21317.000000
82000 37675.000000 30048.000000 12325.000000 19952.000000
83000 39746.500000 28674.500000 10253.500000 21325.500000
84000 39619.500000 31566.500000 10380.500000 18433.500000
85000 41985.500000 31959.000000 8014.500000 18041.000000
86000 39455.500000 26169.000000 10544.500000 23831.000000
87000 39359.500000 27209.500000 10640.500000 22790.500000
88000 39835.500000 26622.500000 10164.500000 23377.500000
89000 35709.000000 27357.500000 14291.000000 22642.500000
90000 36307.500000 27246.500000 13692.500000 22753.500000
91000 31567.500000 26593.000000 18432.500000 23407.000000
92000 30098.000000 26309.500000 19902.000000 23690.500000
93000 32176.500000 26169.000000 17823.500000 23831.000000
94000 34349.000000 24918.500000 15651.000000 25081.500000
95000 31718.000000 24106.000000 18282.000000 25894.000000
96000 34437.000000 23733.000000 15563.000000 26267.000000
97000 30543.000000 23288.500000 19457.000000 26711.500000
98000 22210.000000 25085.500000 27790.000000 24914.500000
99000 31727.000000 27512.500000 18273.000000 22487.500000
100000 33798.000000 29585.500000 16202.000000 20414.500000
101000 34049.500000 31122.000000 15950.500000 18878.000000
102000 35639.500000 29597.500000 14360.500000 20402.500000
103000 38152.500000 28747.000000 11847.500000 21253.000000
104000 36585.500000 27614.000000 13414.500000 22386.000000
105000 36646.500000 29385.500000 13353.500000 20614.500000
106000 38738.000000 29727.000000 11262.000000 20273.000000
107000 40476.500000 32015.000000 9523.500000 17985.000000
108000 38509.000000 29401.500000 11491.000000 20598.500000
109000 36793.500000 27035.000000 13206.500000 22965.000000
110000 35857.500000 28322.000000 14142.500000 21678.000000
111000 36904.000000 24081.000000 13096.000000 25919.000000
112000 35820.000000 25544.000000 14180.000000 24456.000000
113000 38658.500000 28237.000000 11341.500000 21763.000000
114000 40929.500000 25112.500000 9070.500000 24887.500000
115000 38462.500000 23984.000000 11537.500000 26016.000000
116000 37056.500000 28450.000000 12943.500000 21550.000000
117000 43065.000000 26575.000000 6935.000000 23425.000000
118000 43009.500000 29896.500000 6990.500000 20103.500000
119000 38961.500000 28926.000000 11038.500000 21074.000000
120000 39547.500000 25954.000000 10452.500000 24046.000000
121000 38113.000000 28144.000000 11887.000000 21856.000000
122000 39238.500000 27738.000000 10761.500000 22262.000000
123000 37555.000000 24708.500000 12445.000000 25291.500000
124000 37860.000000 25054.000000 12140.000000 24946.000000
125000 39874.000000 29023.000000 10126.000000 20977.000000
126000 41454.000000 31009.500000 8546.000000 18990.500000
127000 43477.000000 27553.500000 6523.000000 22446.500000
128000 38832.000000 27302.500000 11168.000000 22697.500000
129000 40189.500000 29166.000000 9810.500000 20834.000000
130000 42124.000000 28699.500000 7876.000000 21300.500000
131000 41834.000000 26913.500000 8166.000000 23086.500000
132000 37138.500000 24194.000000 12861.500000 25806.000000
133000 36977.500000 23188.500000 13022.500000 26811.500000
134000 31001.500000 23468.500000 18998.500000 26531.500000
135000 34107.500000 25593.000000 15892.500000 24407.000000
136000 34192.000000 26020.000000 15808.000000 23980.000000
137000 34713.000000 31511.500000 15287.000000 18488.500000
138000 35211.000000 32621.000000 14789.000000 17379.000000
139000 32895.500000 28823.500000 17104.500000 21176.500000
140000 33924.500000 33903.500000 16075.500000 16096.500000
141000 34664.000000 32717.000000 15336.000000 17283.000000
142000 28648.000000 30688.000000 21352.000000 19312.000000
143000 32852.500000 34318.500000 17147.500000 15681.500000
144000 33526.500000 36538.500000 16473.500000 13461.500000
145000 35525.500000 36970.500000 14474.500000 13029.500000
146000 36437.500000 37375.000000 13562.500000 12625.000000
147000 38592.500000 37730.000000 11407.500000 12270.000000
148000 37932.500000 35744.000000 12067.500000 14256.000000
149000 40335.500000 37849.000000 9664.500000 12151.000000
150000 40642.000000 38502.500000 9358.000000 11497.500000
151000 41988.500000 36635.000000 8011.500000 13365.000000
152000 40464.500000 36011.000000 9535.500000 13989.000000
153000 39364.000000 34106.000000 10636.000000 15894.000000
154000 38116.000000 28867.000000 11884.000000 21133.000000
155000 34495.000000 25422.500000 15505.000000 24577.500000
156000 36253.500000 27270.500000 13746.500000 22729.500000
157000 34744.500000 27497.500000 15255.500000 22502.500000
158000 30379.500000 24823.000000 19620.500000 25177.000000
159000 33540.000000 26390.500000 16460.000000 23609.500000
160000 38908.000000 25058.000000 11092.000000 24942.000000
161000 38160.000000 23788.000000 11840.000000 26212.000000
162000 35745.000000 25789.500000 14255.000000 24210.500000
163000 29464.500000 27364.000000 20535.500000 22636.000000
164000 36963.500000 24686.500000 13036.500000 25313.500000
165000 33373.000000 26617.000000 16627.000000 23383.000000
166000 32879.000000 30801.500000 17121.000000 19198.500000
167000 34392.500000 31915.000000 15607.500000 18085.000000
168000 39378.000000 36282.000000 10622.000000 13718.000000
169000 40934.500000 32700.500000 9065.500000 17299.500000
170000 40079.500000 33544.000000 9920.500000 16456.000000
171000 39500.500000 31909.000000 10499.500000 18091.000000
172000 38814.500000 32718.500000 11185.500000 17281.500000
173000 42446.000000 36040.500000 7554.000000 13959.500000
174000 42260.000000 36345.500000 7740.000000 13654.500000
175000 40879.000000 34484.000000 9121.000000 15516.000000
176000 43432.500000 32998.500000 6567.500000 17001.500000
177000 45185.500000 35326.000000 4814.500000 14674.000000
178000 43064.500000 33610.500000 6935.500000 16389.500000
179000 44567.500000 33164.500000 5432.500000 16835.500000
180000 45045.500000 33269.000000 4954.500000 16731.000000
181000 45355.500000 32852.500000 4644.500000 17147.500000
182000 45818.000000 29182.000000 4182.000000 20818.000000
183000 45798.500000 30356.500000 4201.500000 19643.500000
184000 43833.500000 34796.000000 6166.500000 15204.000000
185000 42713.000000 36389.000000 7287.000000 13611.000000
186000 41755.000000 37812.000000 8245.000000 12188.000000
187000 36893.000000 34436.000000 13107.000000 15564.000000
188000 40089.000000 33749.500000 9911.000000 16250.500000
189000 38055.000000 33547.500000 11945.000000 16452.500000
190000 34137.500000 29235.000000 15862.500000 20765.000000
191000 30153.000000 29370.000000 19847.000000 20630.000000
192000 32469.500000 29022.500000 17530.500000 20977.500000
193000 32221.000000 31549.500000 17779.000000 18450.500000
194000 42365.500000 31509.000000 7634.500000 18491.000000
195000 40155.000000 31524.500000 9845.000000 18475.500000
196000 39538.500000 33714.000000 10461.500000 16286.000000
197000 42308.000000 36806.500000 7692.000000 13193.500000
198000 42618.000000 41666.500000 7382.000000 8333.500000
199000 40324.000000 41795.500000 9676.000000 8204.500000
200000 38547.500000 41174.500000 11452.500000 8825.500000
201000 40404.500000 40210.000000 9595.500000 9790.000000
202000 38637.000000 34515.500000 11363.000000 15484.500000
203000 41597.000000 36259.500000 8403.000000 13740.500000
204000 38044.500000 37550.500000 11955.500000 12449.500000
205000 27364.500000 34761.000000 22635.500000 15239.000000
206000 24441.000000 35010.000000 25559.000000 14990.000000
207000 26435.500000 33547.000000 23564.500000 16453.000000
208000 42118.500000 32839.500000 7881.500000 17160.500000
209000 43839.000000 34443.500000 6161.000000 15556.500000
210000 31026.000000 30866.500000 18974.000000 19133.500000
211000 43809.500000 29828.000000 6190.500000 20172.000000
212000 37910.500000 31845.000000 12089.500000 18155.000000
213000 43766.000000 33868.000000 6234.000000 16132.000000
214000 41957.500000 32948.500000 8042.500000 17051.500000
215000 36144.000000 32217.500000 13856.000000 17782.500000
216000 33559.500000 31208.500000 16440.500000 18791.500000
217000 32476.000000 27151.500000 17524.000000 22848.500000
218000 22656.000000 25513.500000 27344.000000 24486.500000
219000 21458.000000 23609.000000 28542.000000 26391.000000
220000 23743.500000 21913.500000 26256.500000 28086.500000
221000 24722.500000 22950.500000 25277.500000 27049.500000
222000 27639.000000 23862.500000 22361.000000 26137.500000
223000 31038.000000 21539.000000 18962.000000 28461.000000
224000 32721.000000 20830.500000 17279.000000 29169.500000
225000 29316.000000 19837.000000 20684.000000 30163.000000
226000 31656.000000 25276.500000 18344.000000 24723.500000
227000 32877.000000 29696.500000 17123.000000 20303.500000
228000 29848.000000 29353.500000 20152.000000 20646.500000
229000 27462.500000 29165.000000 22537.500000 20835.000000
230000 32857.500000 30252.000000 17142.500000 19748.000000
231000 34060.500000 27632.500000 15939.500000 22367.500000
232000 31055.500000 27037.000000 18944.500000 22963.000000
233000 28349.500000 27455.500000 21650.500000 22544.500000
234000 33356.000000 26677.000000 16644.000000 23323.000000
235000 29287.500000 26669.000000 20712.500000 23331.000000
236000 28133.000000 27328.500000 21867.000000 22671.500000
237000 27460.500000 25748.500000 22539.500000 24251.500000
238000 32161.000000 23021.000000 17839.000000 26979.000000
239000 35344.000000 25843.500000 14656.000000 24156.500000
240000 32668.000000 28007.500000 17332.000000 21992.500000
241000 35607.000000 28322.000000 14393.000000 21678.000000
242000 40188.500000 26563.500000 9811.500000 23436.500000
243000 34075.000000 27820.000000 15925.000000 22180.000000
244000 34123.500000 29015.000000 15876.500000 20985.000000
245000 36525.500000 26834.500000 13474.500000 23165.500000
246000 33345.000000 22415.000000 16655.000000 27585.000000
247000 38236.500000 26085.000000 11763.500000 23915.000000
248000 40838.000000 29231.500000 9162.000000 20768.500000
249000 38314.500000 29752.500000 11685.500000 20247.500000
250000 36287.500000 32194.500000 13712.500000 17805.500000
251000 35304.000000 32458.500000 14696.000000 17541.500000
252000 35215.500000 26662.000000 14784.500000 23338.000000
253000 38411.500000 30192.000000 11588.500000 19808.000000
254000 37871.000000 31720.500000 12129.000000 18279.500000
255000 36727.500000 31639.500000 13272.500000 18360.500000
256000 36883.000000 27502.000000 13117.000000 22498.000000
257000 34285.500000 22788.000000 15714.500000 27212.000000
258000 39095.000000 25810.000000 10905.000000 24190.000000
259000 41735.000000 30377.000000 8265.000000 19623.000000
260000 39566.500000 28862.000000 10433.500000 21138.000000
261000 40072.000000 28918.000000 9928.000000 21082.000000
262000 37284.500000 30491.500000 12715.500000 19508.500000
263000 37167.500000 33032.000000 12832.500000 16968.000000
264000 38308.500000 31195.500000 11691.500000 18804.500000
265000 35412.000000 34954.000000 14588.000000 15046.000000
266000 39611.000000 34845.000000 10389.000000 15155.000000
267000 36508.500000 34987.500000 13491.500000 15012.500000
268000 32404.500000 33973.500000 17595.500000 16026.500000
269000 43358.500000 31833.500000 6641.500000 18166.500000
270000 41656.000000 30379.500000 8344.000000 19620.500000
271000 42036.500000 30177.000000 7963.500000 19823.000000
272000 34263.500000 29658.500000 15736.500000 20341.500000
273000 37046.000000 27745.000000 12954.000000 22255.000000
274000 41775.000000 32870.500000 8225.000000 17129.500000
275000 40951.500000 31875.000000 9048.500000 18125.000000
276000 39802.000000 32269.000000 10198.000000 17731.000000
277000 31996.500000 30015.500000 18003.500000 19984.500000
278000 37106.000000 30368.000000 12894.000000 19632.000000
279000 37238.500000 32666.000000 12761.500000 17334.000000
280000 33261.000000 27906.500000 16739.000000 22093.500000
281000 26575.000000 27516.000000 23425.000000 22484.000000
282000 26950.000000 29594.000000 23050.000000 20406.000000
283000 36295.000000 29961.000000 13705.000000 20039.000000
284000 29506.500000 28128.000000 20493.500000 21872.000000
285000 31237.000000 27688.000000 18763.000000 22312.000000
286000 36026.000000 30794.500000 13974.000000 19205.500000
287000 36556.000000 27718.000000 13444.000000 22282.000000
288000 34580.000000 28091.500000 15420.000000 21908.500000
289000 29535.000000 28817.000000 20465.000000 21183.000000
290000 25940.000000 26069.500000 24060.000000 23930.500000
291000 28349.000000 25966.000000 21651.000000 24034.000000
292000 32285.000000 28234.000000 17715.000000 21766.000000
293000 35031.000000 25926.000000 14969.000000 24074.000000
294000 37743.000000 25251.500000 12257.000000 24748.500000
295000 40808.500000 22930.500000 9191.500000 27069.500000
296000 41114.000000 24149.000000 8886.000000 25851.000000
297000 41168.000000 27020.000000 8832.000000 22980.000000
298000 44162.500000 24138.000000 5837.500000 25862.000000
299000 43246.000000 27429.500000 6754.000000 22570.500000
300000 42915.000000 33431.000000 7085.000000 16569.000000
301000 43965.000000 32629.500000 6035.000000 17370.500000
302000 42925.000000 30360.500000 7075.000000 19639.500000
303000 44951.500000 31835.000000 5048.500000 18165.000000
304000 43293.000000 29252.000000 6707.000000 20748.000000
305000 38354.500000 29589.500000 11645.500000 20410.500000
306000 40000.500000 26918.000000 9999.500000 23082.000000
307000 40506.500000 27468.500000 9493.500000 22531.500000
308000 37730.500000 25989.500000 12269.500000 24010.500000
309000 27485.000000 24286.000000 22515.000000 25714.000000
310000 27698.500000 25683.000000 22301.500000 24317.000000
311000 30056.500000 28074.500000 19943.500000 21925.500000
312000 38839.000000 27525.000000 11161.000000 22475.000000
313000 28366.000000 24819.000000 21634.000000 25181.000000
314000 29697.000000 26067.000000 20303.000000 23933.000000
315000 29904.500000 26236.000000 20095.500000 23764.000000
316000 30929.500000 26691.000000 19070.500000 23309.000000
317000 40379.000000 30088.500000 9621.000000 19911.500000
318000 43654.500000 32641.500000 6345.500000 17358.500000
319000 41608.500000 30255.500000 8391.500000 19744.500000
320000 40711.000000 29428.000000 9289.000000 20572.000000
321000 40058.000000 28453.000000 9942.000000 21547.000000
322000 41162.500000 28144.500000 8837.500000 21855.500000
323000 39234.000000 28267.500000 10766.000000 21732.500000
324000 37148.500000 26249.000000 12851.500000 23751.000000
325000 34778.000000 22488.000000 15222.000000 27512.000000
326000 32346.500000 24610.000000 17653.500000 25390.000000
327000 32839.000000 27392.000000 17161.000000 22608.000000
328000 31518.000000 25449.500000 18482.000000 24550.500000
329000 35980.500000 25483.500000 14019.500000 24516.500000
330000 32445.000000 26107.000000 17555.000000 23893.000000
331000 35295.500000 27457.500000 14704.500000 22542.500000
332000 36292.000000 27567.500000 13708.000000 22432.500000
333000 41979.500000 25494.500000 8020.500000 24505.500000
334000 39873.500000 23409.000000 10126.500000 26591.000000
335000 34943.500000 21197.500000 15056.500000 28802.500000
336000 37158.500000 19200.500000 12841.500000 30799.500000
337000 31939.500000 22046.000000 18060.500000 27954.000000
338000 33566.500000 22329.000000 16433.500000 27671.000000
339000 39021.000000 23464.500000 10979.000000 26535.500000
340000 42134.000000 24652.000000 7866.000000 25348.000000
341000 39454.000000 25800.500000 10546.000000 24199.500000
342000 40750.000000 23810.500000 9250.000000 26189.500000
343000 36618.500000 25015.000000 13381.500000 24985.000000
344000 38611.500000 27460.500000 11388.500000 22539.500000
345000 39819.000000 29236.000000 10181.000000 20764.000000
346000 38611.000000 30883.000000 11389.000000 19117.000000
347000 42574.500000 32580.000000 7425.500000 17420.000000
348000 39652.000000 30826.000000 10348.000000 19174.000000
349000 36377.500000 29345.000000 13622.500000 20655.000000
350000 35558.500000 30194.000000 14441.500000 19806.000000
351000 34447.500000 28924.500000 15552.500000 21075.500000
352000 34478.500000 28289.500000 15521.500000 21710.500000
353000 37726.000000 27430.500000 12274.000000 22569.500000
354000 39819.500000 25797.000000 10180.500000 24203.000000
355000 38578.000000 32293.000000 11422.000000 17707.000000
356000 38750.000000 35259.500000 11250.000000 14740.500000
357000 33935.000000 29251.500000 16065.000000 20748.500000
358000 34711.500000 30490.500000 15288.500000 19509.500000
359000 31483.500000 30300.500000 18516.500000 19699.500000
360000 27013.000000 29500.500000 22987.000000 20499.500000
361000 26037.500000 33251.500000 23962.500000 16748.500000
362000 26959.000000 29001.000000 23041.000000 20999.000000
363000 26454.500000 27354.000000 23545.500000 22646.000000
364000 27152.000000 28990.500000 22848.000000 21009.500000
365000 28206.500000 26619.500000 21793.500000 23380.500000
366000 28721.500000 29847.000000 21278.500000 20153.000000
367000 29541.500000 30398.000000 20458.500000 19602.000000
368000 31863.000000 29948.000000 18137.000000 20052.000000
369000 34845.000000 31514.000000 15155.000000 18486.000000
370000 35002.500000 33073.000000 14997.500000 16927.000000
371000 34622.000000 34583.500000 15378.000000 15416.500000
372000 37025.500000 32511.000000 12974.500000 17489.000000
373000 37144.000000 32915.000000 12856.000000 17085.000000
374000 38012.500000 33211.500000 11987.500000 16788.500000
375000 36925.000000 33409.500000 13075.000000 16590.500000
376000 36428.500000 28986.500000 13571.500000 21013.500000
377000 36290.500000 28316.000000 13709.500000 21684.000000
378000 35976.000000 25879.000000 14024.000000 24121.000000
379000 37510.500000 31262.000000 12489.500000 18738.000000
380000 40581.500000 33488.500000 9418.500000 16511.500000
381000 42227.500000 34803.500000 7772.500000 15196.500000
382000 40852.500000 32652.500000 9147.500000 17347.500000
383000 44930.000000 31003.500000 5070.000000 18996.500000
384000 42914.500000 34468.000000 7085.500000 15532.000000
385000 42920.000000 34067.500000 7080.000000 15932.500000
386000 44797.000000 36074.500000 5203.000000 13925.500000
387000 46101.000000 38867.500000 3899.000000 11132.500000
388000 45678.500000 36608.500000 4321.500000 13391.500000
389000 44679.500000 35302.500000 5320.500000 14697.500000
390000 41978.500000 33187.500000 8021.500000 16812.500000
391000 46794.500000 33283.000000 3205.500000 16717.000000
392000 45613.500000 33358.500000 4386.500000 16641.500000
393000 43173.500000 35450.000000 6826.500000 14550.000000
394000 42548.000000 29712.000000 7452.000000 20288.000000
395000 40230.000000 30516.000000 9770.000000 19484.000000
396000 40366.500000 26652.500000 9633.500000 23347.500000
397000 44163.000000 27690.500000 5837.000000 22309.500000
398000 42789.500000 25279.000000 7210.500000 24721.000000
399000 44795.000000 25282.000000 5205.000000 24718.000000
400000 39539.500000 27952.500000 10460.500000 22047.500000
401000 40256.500000 34231.500000 9743.500000 15768.500000
402000 46898.000000 36175.000000 3102.000000 13825.000000
403000 45402.500000 34365.500000 4597.500000 15634.500000
404000 45557.500000 32199.500000 4442.500000 17800.500000
405000 43092.500000 28722.000000 6907.500000 21278.000000
406000 44804.500000 31486.500000 5195.500000 18513.500000
407000 45953.500000 34767.500000 4046.500000 15232.500000
408000 42100.500000 33260.000000 7899.500000 16740.000000
409000 41046.500000 35238.500000 8953.500000 14761.500000
410000 32559.000000 31034.000000 17441.000000 18966.000000
411000 28880.500000 30055.500000 21119.500000 19944.500000
412000 34950.000000 29867.500000 15050.000000 20132.500000
413000 39410.500000 28965.500000 10589.500000 21034.500000
414000 41860.500000 30406.500000 8139.500000 19593.500000
415000 41875.000000 30673.000000 8125.000000 19327.000000
416000 41821.500000 32145.000000 8178.500000 17855.000000
417000 42638.500000 34033.000000 7361.500000 15967.000000
418000 41810.000000 36550.500000 8190.000000 13449.500000
419000 38601.500000 37882.500000 11398.500000 12117.500000
420000 42212.000000 37380.000000 7788.000000 12620.000000
421000 35733.500000 33946.500000 14266.500000 16053.500000
422000 37199.000000 36159.500000 12801.000000 13840.500000
423000 36763.500000 31497.000000 13236.500000 18503.000000
424000 36139.000000 31752.000000 13861.000000 18248.000000
425000 37107.500000 36207.500000 12892.500000 13792.500000
426000 37692.000000 36085.500000 12308.000000 13914.500000
427000 36685.500000 33716.000000 13314.500000 16284.000000
428000 36714.500000 33074.500000 13285.500000 16925.500000
429000 36028.500000 36476.000000 13971.500000 13524.000000
430000 35375.000000 39311.000000 14625.000000 10689.000000
431000 35176.500000 37345.000000 14823.500000 12655.000000
432000 39331.000000 35744.000000 10669.000000 14256.000000
433000 39910.500000 35235.500000 10089.500000 14764.500000
434000 40426.000000 38342.500000 9574.000000 11657.500000
435000 41226.000000 38981.500000 8774.000000 11018.500000
436000 44379.000000 38937.000000 5621.000000 11063.000000
437000 44007.000000 38220.500000 5993.000000 11779.500000
438000 43096.000000 35038.500000 6904.000000 14961.500000
439000 40167.500000 36346.500000 9832.500000 13653.500000
440000 37789.000000 33281.500000 12211.000000 16718.500000
441000 34794.000000 31978.000000 15206.000000 18022.000000
442000 37652.500000 30351.500000 12347.500000 19648.500000
443000 39754.500000 28358.500000 10245.500000 21641.500000
444000 41757.500000 30681.000000 8242.500000 19319.000000
445000 40411.500000 33880.000000 9588.500000 16120.000000
446000 37872.000000 34418.000000 12128.000000 15582.000000
447000 38514.500000 37020.000000 11485.500000 12980.000000
448000 39107.000000 37323.500000 10893.000000 12676.500000
449000 38532.500000 36317.000000 11467.500000 13683.000000
450000 42793.000000 37356.500000 7207.000000 12643.500000
451000 42112.500000 37082.000000 7887.500000 12918.000000
452000 43284.000000 32469.500000 6716.000000 17530.500000
453000 44210.500000 33528.500000 5789.500000 16471.500000
454000 45761.000000 33393.500000 4239.000000 16606.500000
455000 46079.500000 31747.500000 3920.500000 18252.500000
456000 43808.000000 26926.000000 6192.000000 23074.000000
457000 43180.500000 28690.500000 6819.500000 21309.500000
458000 42814.500000 26408.000000 7185.500000 23592.000000
459000 42482.500000 26713.000000 7517.500000 23287.000000
460000 40667.000000 26578.000000 9333.000000 23422.000000
461000 40246.000000 30456.000000 9754.000000 19544.000000
462000 30566.500000 30108.000000 19433.500000 19892.000000
463000 38812.000000 29666.000000 11188.000000 20334.000000
464000 38134.000000 30252.000000 11866.000000 19748.000000
465000 40475.500000 32362.500000 9524.500000 17637.500000
466000 39369.500000 29111.500000 10630.500000 20888.500000
467000 38493.000000 27768.000000 11507.000000 22232.000000
468000 37670.000000 25349.000000 12330.000000 24651.000000
469000 38550.500000 26869.000000 11449.500000 23131.000000
470000 35340.500000 31462.000000 14659.500000 18538.000000
471000 29887.000000 34027.500000 20113.000000 15972.500000
472000 30172.500000 32139.500000 19827.500000 17860.500000
473000 25542.000000 29521.500000 24458.000000 20478.500000
474000 24536.000000 28454.500000 25464.000000 21545.500000
475000 30511.000000 32681.000000 19489.000000 17319.000000
476000 28750.500000 31509.500000 21249.500000 18490.500000
477000 31187.500000 29386.500000 18812.500000 20613.500000
478000 32903.000000 28196.500000 17097.000000 21803.500000
479000 32679.500000 30321.500000 17320.500000 19678.500000
480000 34068.000000 29447.500000 15932.000000 20552.500000
481000 38462.500000 27751.500000 11537.500000 22248.500000
482000 31032.500000 24008.000000 18967.500000 25992.000000
483000 30398.000000 24889.000000 19602.000000 25111.000000
484000 25320.000000 25119.000000 24680.000000 24881.000000
485000 27899.500000 26660.500000 22100.500000 23339.500000
486000 30935.000000 26873.000000 19065.000000 23127.000000
487000 30885.000000 28571.500000 19115.000000 21428.500000
488000 29507.000000 29738.000000 20493.000000 20262.000000
489000 30395.500000 30830.500000 19604.500000 19169.500000
490000 34019.000000 31555.500000 15981.000000 18444.500000
491000 35850.000000 26707.000000 14150.000000 23293.000000
492000 34332.500000 30021.500000 15667.500000 19978.500000
493000 33880.500000 31587.500000 16119.500000 18412.500000
494000 35187.500000 31776.000000 14812.500000 18224.000000
495000 37182.000000 29228.500000 12818.000000 20771.500000
496000 41911.000000 24880.500000 8089.000000 25119.500000
497000 39155.000000 23352.000000 10845.000000 26648.000000
498000 43420.000000 23420.000000 6580.000000 26580.000000
499000 43791.000000 23484.500000 6209.000000 26515.500000
500000 37031.000000 20244.000000 12969.000000 29756.000000
501000 34793.500000 24755.500000 15206.500000 25244.500000
502000 31792.000000 26308.500000 18208.000000 23691.500000
503000 29715.500000 31226.500000 20284.500000 18773.500000
504000 31981.000000 31211.500000 18019.000000 18788.500000
505000 30775.000000 30786.500000 19225.000000 19213.500000
506000 25618.500000 29704.000000 24381.500000 20296.000000
507000 31551.500000 31378.500000 18448.500000 18621.500000
508000 36011.500000 32362.500000 13988.500000 17637.500000
509000 31545.500000 30790.500000 18454.500000 19209.500000
510000 35218.000000 31083.000000 14782.000000 18917.000000
511000 34751.500000 31571.000000 15248.500000 18429.000000
512000 36313.500000 32090.500000 13686.500000 17909.500000
513000 33207.000000 31330.000000 16793.000000 18670.000000
514000 35994.500000 34286.500000 14005.500000 15713.500000
515000 35323.500000 33475.500000 14676.500000 16524.500000
516000 34300.000000 31411.000000 15700.000000 18589.000000
517000 33267.000000 30376.000000 16733.000000 19624.000000
518000 33816.000000 29123.500000 16184.000000 20876.500000
519000 31546.000000 23377.000000 18454.000000 26623.000000
520000 33088.000000 24388.000000 16912.000000 25612.000000
521000 33486.500000 27496.000000 16513.500000 22504.000000
522000 32662.000000 24743.000000 17338.000000 25257.000000
523000 30910.000000 26485.000000 19090.000000 23515.000000
524000 31215.500000 29525.500000 18784.500000 20474.500000
525000 34578.500000 33592.500000 15421.500000 16407.500000
526000 34636.500000 31988.500000 15363.500000 18011.500000
527000 32600.000000 32267.000000 17400.000000 17733.000000
528000 30899.500000 30494.500000 19100.500000 19505.500000
529000 20080.000000 29445.000000 29920.000000 20555.000000
530000 25328.500000 30190.500000 24671.500000 19809.500000
531000 34684.000000 32699.000000 15316.000000 17301.000000
532000 41685.000000 34109.500000 8315.000000 15890.500000
533000 36962.000000 34910.500000 13038.000000 15089.500000
534000 41541.000000 32575.500000 8459.000000 17424.500000
535000 43660.000000 34224.500000 6340.000000 15775.500000
536000 43164.500000 33728.500000 6835.500000 16271.500000
537000 41318.000000 29651.500000 8682.000000 20348.500000
538000 41393.500000 28926.000000 8606.500000 21074.000000
539000 40945.000000 33269.500000 9055.000000 16730.500000
540000 41062.500000 31841.000000 8937.500000 18159.000000
541000 37080.000000 31356.000000 12920.000000 18644.000000
542000 37677.000000 31469.000000 12323.000000 18531.000000
543000 39611.500000 32870.000000 10388.500000 17130.000000
544000 41178.000000 32667.000000 8822.000000 17333.000000
545000 42556.500000 26945.500000 7443.500000 23054.500000
546000 38165.500000 26353.000000 11834.500000 23647.000000
547000 30727.000000 25500.500000 19273.000000 24499.500000
548000 35718.500000 22647.000000 14281.500000 27353.000000
549000 35155.500000 21470.500000 14844.500000 28529.500000
550000 40474.500000 20363.500000 9525.500000 29636.500000
551000 40525.500000 26041.000000 9474.500000 23959.000000
552000 38617.000000 27946.500000 11383.000000 22053.500000
553000 43331.000000 30867.500000 6669.000000 19132.500000
554000 38726.500000 32941.500000 11273.500000 17058.500000
555000 40218.500000 29438.500000 9781.500000 20561.500000
556000 40390.500000 30426.000000 9609.500000 19574.000000
557000 32970.000000 31469.500000 17030.000000 18530.500000
558000 36594.500000 30605.000000 13405.500000 19395.000000
559000 38646.500000 29790.000000 11353.500000 20210.000000
560000 34278.000000 29169.500000 15722.000000 20830.500000
561000 41658.000000 29036.000000 8342.000000 20964.000000
562000 39167.000000 30969.500000 10833.000000 19030.500000
563000 40109.500000 29950.500000 9890.500000 20049.500000
564000 43580.000000 33286.000000 6420.000000 16714.000000
565000 42091.000000 32892.500000 7909.000000 17107.500000
566000 41195.000000 32567.500000 8805.000000 17432.500000
567000 42196.000000 31535.000000 7804.000000 18465.000000
568000 35904.500000 31479.500000 14095.500000 18520.500000
569000 35095.000000 29934.000000 14905.000000 20066.000000
570000 37111.500000 26382.500000 12888.500000 23617.500000
571000 37959.000000 27691.500000 12041.000000 22308.500000
572000 37136.500000 26694.000000 12863.500000 23306.000000
573000 34450.500000 24384.000000 15549.500000 25616.000000
574000 26080.500000 24066.000000 23919.500000 25934.000000
575000 22433.000000 23817.500000 27567.000000 26182.500000
576000 22668.500000 22441.000000 27331.500000 27559.000000
577000 26498.500000 22801.500000 23501.500000 27198.500000
578000 28304.500000 22649.000000 21695.500000 27351.000000
579000 31521.000000 25864.000000 18479.000000 24136.000000
580000 35213.000000 27848.000000 14787.000000 22152.000000
581000 32866.500000 28174.000000 17133.500000 21826.000000
582000 35110.000000 27404.500000 14890.000000 22595.500000
583000 36675.500000 28771.000000 13324.500000 21229.000000
584000 40081.500000 28057.000000 9918.500000 21943.000000
585000 40074.000000 29557.500000 9926.000000 20442.500000
586000 38199.000000 28387.500000 11801.000000 21612.500000
587000 37993.000000 31282.000000 12007.000000 18718.000000
588000 39262.500000 32395.000000 10737.500000 17605.000000
589000 34016.500000 30697.000000 15983.500000 19303.000000
590000 33444.000000 31496.500000 16556.000000 18503.500000
591000 34240.000000 33519.000000 15760.000000 16481.000000
592000 36590.000000 34183.000000 13410.000000 15817.000000
593000 38636.500000 32757.500000 11363.500000 17242.500000
594000 36966.000000 34690.500000 13034.000000 15309.500000
595000 34814.000000 33527.000000 15186.000000 16473.000000
596000 32140.500000 27486.000000 17859.500000 22514.000000
597000 34974.000000 28532.500000 15026.000000 21467.500000
598000 35697.500000 25985.500000 14302.500000 24014.500000
599000 36363.500000 26945.000000 13636.500000 23055.000000
600000 34351.500000 29879.000000 15648.500000 20121.000000
601000 34751.500000 26630.500000 15248.500000 23369.500000
602000 35492.500000 29120.000000 14507.500000 20880.000000
603000 35848.000000 30757.500000 14152.000000 19242.500000
604000 35888.000000 28975.000000 14112.000000 21025.000000
605000 34913.500000 30396.000000 15086.500000 19604.000000
606000 36195.000000 31778.500000 13805.000000 18221.500000
607000 36283.000000 30856.000000 13717.000000 19144.000000
608000 39895.000000 31224.000000 10105.000000 18776.000000
609000 41624.500000 34158.500000 8375.500000 15841.500000
610000 35989.500000 34329.000000 14010.500000 15671.000000
611000 29112.500000 33148.000000 20887.500000 16852.000000
612000 30933.500000 36026.000000 19066.500000 13974.000000
613000 33286.500000 30976.000000 16713.500000 19024.000000
614000 30853.000000 30728.000000 19147.000000 19272.000000
615000 30102.500000 29591.500000 19897.500000 20408.500000
616000 29930.500000 34435.500000 20069.500000 15564.500000
617000 30365.000000 32226.500000 19635.000000 17773.500000
618000 28409.500000 31932.000000 21590.500000 18068.000000
619000 26212.000000 29805.500000 23788.000000 20194.500000
620000 24812.000000 26552.500000 25188.000000 23447.500000
621000 27525.000000 25917.500000 22475.000000 24082.500000
622000 29352.500000 26418.000000 20647.500000 23582.000000
623000 31617.000000 23757.500000 18383.000000 26242.500000
624000 35866.000000 27253.500000 14134.000000 22746.500000
625000 34568.500000 25865.000000 15431.500000 24135.000000
626000 35016.500000 26130.000000 14983.500000 23870.000000
627000 26979.000000 24300.000000 23021.000000 25700.000000
628000 37196.500000 22370.000000 12803.500000 27630.000000
629000 40680.000000 20688.000000 9320.000000 29312.000000
630000 40880.000000 24404.000000 9120.000000 25596.000000
631000 42918.500000 25632.000000 7081.500000 24368.000000
632000 42591.000000 24959.000000 7409.000000 25041.000000
633000 42581.500000 26490.500000 7418.500000 23509.500000
634000 42211.000000 25618.500000 7789.000000 24381.500000
635000 44293.000000 27670.500000 5707.000000 22329.500000
636000 41122.500000 29344.000000 8877.500000 20656.000000
637000 43541.500000 26931.000000 6458.500000 23069.000000
638000 44080.000000 30944.500000 5920.000000 19055.500000
639000 42214.000000 31043.000000 7786.000000 18957.000000
640000 37474.000000 29591.500000 12526.000000 20408.500000
641000 35657.000000 27718.000000 14343.000000 22282.000000
642000 33818.500000 29938.000000 16181.500000 20062.000000
643000 28856.000000 30250.000000 21144.000000 19750.000000
644000 30437.500000 27366.500000 19562.500000 22633.500000
645000 29784.000000 22665.500000 20216.000000 27334.500000
646000 32327.000000 22449.000000 17673.000000 27551.000000
647000 30773.000000 26525.500000 19227.000000 23474.500000
648000 30723.500000 26512.500000 19276.500000 23487.500000
649000 33986.000000 25661.000000 16014.000000 24339.000000
650000 33703.000000 23518.000000 16297.000000 26482.000000
651000 33206.000000 24964.500000 16794.000000 25035.500000
652000 35749.000000 24745.500000 14251.000000 25254.500000
653000 42393.500000 26755.000000 7606.500000 23245.000000
654000 41288.500000 25632.000000 8711.500000 24368.000000
655000 42113.500000 22310.000000 7886.500000 27690.000000
656000 39852.500000 23798.000000 10147.500000 26202.000000
657000 42608.500000 22627.500000 7391.500000 27372.500000
658000 39201.500000 24525.500000 10798.500000 25474.500000
659000 41359.500000 25814.500000 8640.500000 24185.500000
660000 39709.500000 24752.000000 10290.500000 25248.000000
661000 38365.000000 25301.000000 11635.000000 24699.000000
662000 36607.500000 26486.500000 13392.500000 23513.500000
663000 35613.000000 23645.000000 14387.000000 26355.000000
664000 26796.000000 24811.000000 23204.000000 25189.000000
665000 23908.000000 23248.000000 26092.000000 26752.000000
666000 25756.500000 26436.500000 24243.500000 23563.500000
667000 26534.000000 31224.000000 23466.000000 18776.000000
668000 28379.500000 29263.500000 21620.500000 20736.500000
669000 25805.500000 22923.500000 24194.500000 27076.500000
670000 28179.500000 24005.500000 21820.500000 25994.500000
671000 25174.500000 24298.000000 24825.500000 25702.000000
672000 25083.500000 22454.500000 24916.500000 27545.500000
673000 25076.500000 22467.000000 24923.500000 27533.000000
674000 28995.500000 21405.500000 21004.500000 28594.500000
675000 29767.500000 20241.500000 20232.500000 29758.500000
676000 27124.500000 19523.000000 22875.500000 30477.000000
677000 26525.000000 21943.000000 23475.000000 28057.000000
678000 19727.500000 19407.500000 30272.500000 30592.500000
679000 21942.000000 16990.000000 28058.000000 33010.000000
680000 24842.500000 18087.500000 25157.500000 31912.500000
681000 25173.000000 19183.500000 24827.000000 30816.500000
682000 30200.500000 19576.000000 19799.500000 30424.000000
683000 31906.000000 21759.000000 18094.000000 28241.000000
684000 33378.000000 29526.500000 16622.000000 20473.500000
685000 37162.000000 31292.500000 12838.000000 18707.500000
686000 40793.500000 29373.000000 9206.500000 20627.000000
687000 33769.500000 31490.500000 16230.500000 18509.500000
688000 32301.000000 34711.500000 17699.000000 15288.500000
689000 34553.000000 34180.500000 15447.000000 15819.500000
690000 33735.500000 33226.500000 16264.500000 16773.500000
691000 28963.000000 31248.500000 21037.000000 18751.500000
692000 31268.500000 32864.000000 18731.500000 17136.000000
693000 30628.500000 33078.000000 19371.500000 16922.000000
694000 30324.000000 29851.500000 19676.000000 20148.500000
695000 31933.500000 26645.500000 18066.500000 23354.500000
696000 33696.000000 30683.000000 16304.000000 19317.000000
697000 37393.000000 32909.000000 12607.000000 17091.000000
698000 44125.000000 29845.500000 5875.000000 20154.500000
699000 45254.500000 26908.000000 4745.500000 23092.000000
700000 40889.000000 26240.500000 9111.000000 23759.500000
701000 41924.500000 26902.000000 8075.500000 23098.000000
702000 39519.000000 30504.000000 10481.000000 19496.000000
703000 36821.000000 33689.500000 13179.000000 16310.500000
704000 35159.000000 34888.500000 14841.000000 15111.500000
705000 41578.000000 39714.000000 8422.000000 10286.000000
706000 40234.000000 36815.000000 9766.000000 13185.000000
707000 37969.500000 37545.000000 12030.500000 12455.000000
708000 40338.500000 38859.500000 9661.500000 11140.500000
709000 33514.500000 36376.500000 16485.500000 13623.500000
710000 33137.500000 36893.500000 16862.500000 13106.500000
711000 35648.000000 39157.500000 14352.000000 10842.500000
712000 37205.500000 36594.000000 12794.500000 13406.000000
713000 39728.500000 39154.000000 10271.500000 10846.000000
714000 38622.500000 37062.500000 11377.500000 12937.500000
715000 38394.500000 38952.500000 11605.500000 11047.500000
716000 40010.000000 39695.000000 9990.000000 10305.000000
717000 34536.000000 36197.000000 15464.000000 13803.000000
718000 30581.000000 37293.000000 19419.000000 12707.000000
719000 35641.000000 36414.000000 14359.000000 13586.000000
720000 37497.500000 37139.000000 12502.500000 12861.000000
721000 35789.500000 36664.500000 14210.500000 13335.500000
722000 31228.500000 35644.500000 18771.500000 14355.500000
723000 28098.000000 36188.500000 21902.000000 13811.500000
724000 28460.000000 39751.000000 21540.000000 10249.000000
725000 29604.500000 43572.000000 20395.500000 6428.000000
726000 29682.000000 39660.500000 20318.000000 10339.500000
727000 31675.000000 39803.500000 18325.000000 10196.500000
728000 33109.500000 36264.000000 16890.500000 13736.000000
729000 32691.000000 36446.500000 17309.000000 13553.500000
730000 34433.000000 40013.000000 15567.000000 9987.000000
731000 38073.000000 40784.500000 11927.000000 9215.500000
732000 33853.000000 38746.500000 16147.000000 11253.500000
733000 34550.500000 38624.000000 15449.500000 11376.000000
734000 32920.500000 39208.500000 17079.500000 10791.500000
735000 36989.500000 39290.500000 13010.500000 10709.500000
736000 33961.500000 38682.500000 16038.500000 11317.500000
737000 35993.500000 41000.000000 14006.500000 9000.000000
738000 35056.000000 41109.500000 14944.000000 8890.500000
739000 32761.000000 41113.000000 17239.000000 8887.000000
740000 29107.000000 36882.500000 20893.000000 13117.500000
741000 27551.000000 33907.000000 22449.000000 16093.000000
742000 31384.500000 36059.000000 18615.500000 13941.000000
743000 34485.000000 37975.000000 15515.000000 12025.000000
744000 30636.500000 37376.500000 19363.500000 12623.500000
745000 27802.000000 35832.000000 22198.000000 14168.000000
746000 32492.500000 36580.500000 17507.500000 13419.500000
747000 33441.000000 35198.000000 16559.000000 14802.000000
748000 35279.000000 33577.000000 14721.000000 16423.000000
749000 34592.000000 34537.500000 15408.000000 15462.500000
750000 35408.500000 34413.000000 14591.500000 15587.000000
751000 38967.000000 33174.000000 11033.000000 16826.000000
752000 38661.000000 35787.500000 11339.000000 14212.500000
753000 37285.000000 36947.500000 12715.000000 13052.500000
754000 38587.000000 36750.000000 11413.000000 13250.000000
755000 36457.500000 33787.500000 13542.500000 16212.500000
756000 37389.500000 32394.500000 12610.500000 17605.500000
757000 37333.000000 30967.500000 12667.000000 19032.500000
758000 36858.000000 30787.000000 13142.000000 19213.000000
759000 41558.000000 32049.000000 8442.000000 17951.000000
760000 41062.000000 30973.000000 8938.000000 19027.000000
761000 41570.000000 29866.000000 8430.000000 20134.000000
762000 44916.500000 30862.500000 5083.500000 19137.500000
763000 45697.000000 30936.000000 4303.000000 19064.000000
764000 44134.000000 30440.000000 5866.000000 19560.000000
765000 42688.000000 31487.500000 7312.000000 18512.500000
766000 38083.000000 31889.000000 11917.000000 18111.000000
767000 36230.500000 32208.500000 13769.500000 17791.500000
768000 34975.500000 29643.000000 15024.500000 20357.000000
769000 33188.000000 26826.000000 16812.000000 23174.000000
770000 33773.500000 30864.000000 16226.500000 19136.000000
771000 32763.500000 29615.500000 17236.500000 20384.500000
772000 33667.500000 26418.000000 16332.500000 23582.000000
773000 36792.500000 28396.500000 13207.500000 21603.500000
774000 38897.000000 30132.000000 11103.000000 19868.000000
775000 38041.500000 31393.500000 11958.500000 18606.500000
776000 38153.000000 31412.000000 11847.000000 18588.000000
777000 38582.500000 32142.000000 11417.500000 17858.000000
778000 32424.500000 32533.500000 17575.500000 17466.500000
779000 34985.000000 33622.500000 15015.000000 16377.500000
780000 34881.500000 33531.500000 15118.500000 16468.500000
781000 36840.500000 33250.500000 13159.500000 16749.500000
782000 38075.500000 32841.000000 11924.500000 17159.000000
783000 33381.000000 29738.500000 16619.000000 20261.500000
784000 33869.500000 28628.000000 16130.500000 21372.000000
785000 40339.000000 28695.500000 9661.000000 21304.500000
786000 41688.000000 31673.000000 8312.000000 18327.000000
787000 38767.500000 31578.000000 11232.500000 18422.000000
788000 37154.500000 32124.500000 12845.500000 17875.500000
789000 40106.500000 33192.500000 9893.500000 16807.500000
790000 40373.000000 33775.000000 9627.000000 16225.000000
791000 38289.500000 33734.500000 11710.500000 16265.500000
792000 40154.500000 36335.000000 9845.500000 13665.000000
793000 40124.500000 34594.000000 9875.500000 15406.000000
794000 32774.500000 31576.500000 17225.500000 18423.500000
795000 34837.500000 32510.000000 15162.500000 17490.000000
796000 37627.500000 33914.500000 12372.500000 16085.500000
797000 38495.000000 32078.500000 11505.000000 17921.500000
798000 42972.000000 33755.500000 7028.000000 16244.500000
799000 42816.500000 32446.000000 7183.500000 17554.000000
800000 39285.000000 29950.500000 10715.000000 20049.500000
801000 38993.500000 29272.000000 11006.500000 20728.000000
802000 43719.000000 30585.500000 6281.000000 19414.500000
803000 43127.500000 30287.500000 6872.500000 19712.500000
804000 41304.500000 29935.500000 8695.500000 20064.500000
805000 39805.000000 31491.500000 10195.000000 18508.500000
806000 38633.500000 32711.500000 11366.500000 17288.500000
807000 40924.000000 31991.000000 9076.000000 18009.000000
808000 39593.500000 29009.000000 10406.500000 20991.000000
809000 35648.500000 25775.500000 14351.500000 24224.500000
810000 34817.500000 22905.000000 15182.500000 27095.000000
811000 32696.500000 24531.500000 17303.500000 25468.500000
812000 37208.500000 28879.500000 12791.500000 21120.500000
813000 39181.000000 31955.000000 10819.000000 18045.000000
814000 38116.000000 31566.000000 11884.000000 18434.000000
815000 34773.000000 34229.500000 15227.000000 15770.500000
816000 31833.500000 31982.500000 18166.500000 18017.500000
817000 33185.500000 32879.000000 16814.500000 17121.000000
818000 39725.500000 34055.000000 10274.500000 15945.000000
819000 43607.500000 30479.500000 6392.500000 19520.500000
820000 44400.500000 30427.000000 5599.500000 19573.000000
821000 44127.500000 28105.500000 5872.500000 21894.500000
822000 45484.000000 29090.000000 4516.000000 20910.000000
823000 45458.500000 28706.000000 4541.500000 21294.000000
824000 43530.500000 26765.000000 6469.500000 23235.000000
825000 43463.500000 27118.500000 6536.500000 22881.500000
826000 44303.000000 28337.000000 5697.000000 21663.000000
827000 44620.000000 28767.000000 5380.000000 21233.000000
828000 43336.500000 31496.000000 6663.500000 18504.000000
829000 41469.500000 34069.000000 8530.500000 15931.000000
830000 43220.000000 37258.000000 6780.000000 12742.000000
831000 43815.000000 37949.500000 6185.000000 12050.500000
832000 42719.000000 36737.000000 7281.000000 13263.000000
833000 43317.000000 34668.000000 6683.000000 15332.000000
834000 41670.500000 35255.000000 8329.500000 14745.000000
835000 43086.000000 35697.500000 6914.000000 14302.500000
836000 42065.000000 35884.000000 7935.000000 14116.000000
837000 38949.000000 35419.000000 11051.000000 14581.000000
838000 39158.000000 36795.000000 10842.000000 13205.000000
839000 41190.500000 36957.000000 8809.500000 13043.000000
840000 41133.500000 36872.000000 8866.500000 13128.000000
841000 40446.000000 34410.500000 9554.000000 15589.500000
842000 39699.500000 34896.000000 10300.500000 15104.000000
843000 40349.500000 34657.500000 9650.500000 15342.500000
844000 39915.000000 38527.500000 10085.000000 11472.500000
845000 36894.500000 37872.500000 13105.500000 12127.500000
846000 40212.000000 38094.500000 9788.000000 11905.500000
847000 40531.500000 37272.500000 9468.500000 12727.500000
848000 40659.500000 36824.000000 9340.500000 13176.000000
849000 41819.000000 37329.000000 8181.000000 12671.000000
850000 41729.000000 34200.000000 8271.000000 15800.000000
851000 42910.000000 31593.000000 7090.000000 18407.000000
852000 38701.500000 31212.000000 11298.500000 18788.000000
853000 39933.500000 32571.500000 10066.500000 17428.500000
854000 35248.500000 31755.000000 14751.500000 18245.000000
855000 34460.500000 33965.500000 15539.500000 16034.500000
856000 38172.500000 29494.500000 11827.500000 20505.500000
857000 37666.500000 35293.000000 12333.500000 14707.000000
858000 41848.500000 36089.000000 8151.500000 13911.000000
859000 42753.000000 33915.500000 7247.000000 16084.500000
860000 43013.000000 34164.000000 6987.000000 15836.000000
861000 43487.000000 35211.500000 6513.000000 14788.500000
862000 46154.000000 36939.000000 3846.000000 13061.000000
863000 43624.000000 34275.000000 6376.000000 15725.000000
864000 41308.000000 30978.000000 8692.000000 19022.000000
865000 43800.500000 28852.500000 6199.500000 21147.500000
866000 40245.000000 30468.000000 9755.000000 19532.000000
867000 42262.500000 32785.500000 7737.500000 17214.500000
868000 40894.000000 27569.500000 9106.000000 22430.500000
869000 41800.500000 26943.000000 8199.500000 23057.000000
870000 43151.500000 28165.000000 6848.500000 21835.000000
871000 45598.000000 30936.500000 4402.000000 19063.500000
872000 43632.000000 32224.500000 6368.000000 17775.500000
873000 42829.000000 31764.500000 7171.000000 18235.500000
874000 39073.500000 33978.000000 10926.500000 16022.000000
875000 42265.500000 33194.000000 7734.500000 16806.000000
876000 42514.500000 31909.000000 7485.500000 18091.000000
877000 40163.500000 35648.000000 9836.500000 14352.000000
878000 41507.000000 34644.000000 8493.000000 15356.000000
879000 36664.500000 34067.000000 13335.500000 15933.000000
880000 32942.000000 31194.000000 17058.000000 18806.000000
881000 30797.000000 26773.500000 19203.000000 23226.500000
882000 32426.000000 27116.500000 17574.000000 22883.500000
883000 36472.000000 28463.000000 13528.000000 21537.000000
884000 34153.000000 29857.000000 15847.000000 20143.000000
885000 33029.500000 32759.500000 16970.500000 17240.500000
886000 31868.000000 34216.500000 18132.000000 15783.500000
887000 34105.500000 35526.000000 15894.500000 14474.000000
888000 30754.500000 35057.000000 19245.500000 14943.000000
889000 29940.500000 31041.000000 20059.500000 18959.000000
890000 31349.000000 32535.500000 18651.000000 17464.500000
891000 32358.000000 33466.000000 17642.000000 16534.000000
892000 31685.500000 33837.000000 18314.500000 16163.000000
893000 34143.500000 35804.000000 15856.500000 14196.000000
894000 34165.500000 35558.500000 15834.500000 14441.500000
895000 32195.000000 32511.000000 17805.000000 17489.000000
896000 34028.500000 30248.500000 15971.500000 19751.500000
897000 36536.000000 31774.500000 13464.000000 18225.500000
898000 40981.000000 27261.500000 9019.000000 22738.500000
899000 40913.500000 29056.500000 9086.500000 20943.500000
900000 41242.000000 28548.500000 8758.000000 21451.500000
901000 39735.000000 27348.000000 10265.000000 22652.000000
902000 37648.500000 26060.500000 12351.500000 23939.500000
903000 35767.000000 33546.500000 14233.000000 16453.500000
904000 40055.000000 32778.500000 9945.000000 17221.500000
905000 41218.000000 32141.000000 8782.000000 17859.000000
906000 39841.500000 35254.500000 10158.500000 14745.500000
907000 39650.000000 32519.500000 10350.000000 17480.500000
908000 39706.500000 30245.000000 10293.500000 19755.000000
909000 37804.000000 30445.000000 12196.000000 19555.000000
910000 36403.500000 34813.500000 13596.500000 15186.500000
911000 36354.000000 36091.500000 13646.000000 13908.500000
912000 45027.500000 34199.500000 4972.500000 15800.500000
913000 44558.000000 35492.000000 5442.000000 14508.000000
914000 42399.500000 37472.000000 7600.500000 12528.000000
915000 40455.000000 37396.000000 9545.000000 12604.000000
916000 40347.000000 36302.000000 9653.000000 13698.000000
917000 41144.500000 39636.500000 8855.500000 10363.500000
918000 42714.500000 37787.500000 7285.500000 12212.500000
919000 37873.000000 39159.500000 12127.000000 10840.500000
920000 34304.500000 38386.000000 15695.500000 11614.000000
921000 35138.500000 37978.500000 14861.500000 12021.500000
922000 36258.500000 38104.000000 13741.500000 11896.000000
923000 35540.000000 34134.500000 14460.000000 15865.500000
924000 29526.500000 31562.500000 20473.500000 18437.500000
925000 31891.000000 33025.500000 18109.000000 16974.500000
926000 34472.500000 31336.000000 15527.500000 18664.000000
927000 35801.500000 27000.000000 14198.500000 23000.000000
928000 31946.500000 29364.500000 18053.500000 20635.500000
929000 31367.500000 28177.500000 18632.500000 21822.500000
930000 28642.500000 26645.500000 21357.500000 23354.500000
931000 30880.500000 23452.500000 19119.500000 26547.500000
932000 30076.500000 26457.500000 19923.500000 23542.500000
933000 36684.000000 29234.000000 13316.000000 20766.000000
934000 40422.000000 32361.500000 9578.000000 17638.500000
935000 37527.500000 33755.000000 12472.500000 16245.000000
936000 37265.000000 33079.500000 12735.000000 16920.500000
937000 35564.000000 28132.500000 14436.000000 21867.500000
938000 33520.500000 29684.500000 16479.500000 20315.500000
939000 35456.000000 31947.000000 14544.000000 18053.000000
940000 38714.000000 28528.000000 11286.000000 21472.000000
941000 38696.000000 33138.000000 11304.000000 16862.000000
942000 34618.000000 32491.500000 15382.000000 17508.500000
943000 31965.000000 29586.500000 18035.000000 20413.500000
944000 32388.500000 29771.500000 17611.500000 20228.500000
945000 35650.000000 29945.000000 14350.000000 20055.000000
946000 36658.000000 29182.000000 13342.000000 20818.000000
947000 33565.000000 29049.000000 16435.000000 20951.000000
948000 31823.500000 32073.000000 18176.500000 17927.000000
949000 33681.500000 35526.000000 16318.500000 14474.000000
950000 40900.500000 32383.000000 9099.500000 17617.000000
951000 37062.500000 29615.500000 12937.500000 20384.500000
952000 40605.500000 27761.000000 9394.500000 22239.000000
953000 42457.500000 28430.000000 7542.500000 21570.000000
954000 41290.500000 30669.000000 8709.500000 19331.000000
955000 37460.000000 28427.500000 12540.000000 21572.500000
956000 36720.000000 29371.500000 13280.000000 20628.500000
957000 35430.500000 33677.000000 14569.500000 16323.000000
958000 37137.500000 34598.500000 12862.500000 15401.500000
959000 41174.500000 34710.000000 8825.500000 15290.000000
960000 40603.500000 34918.000000 9396.500000 15082.000000
961000 34715.000000 37762.000000 15285.000000 12238.000000
962000 35536.000000 39144.000000 14464.000000 10856.000000
963000 38281.000000 37276.500000 11719.000000 12723.500000
964000 43912.000000 34045.000000 6088.000000 15955.000000
965000 42691.500000 37447.000000 7308.500000 12553.000000
966000 42076.000000 32541.000000 7924.000000 17459.000000
967000 41317.000000 30294.000000 8683.000000 19706.000000
968000 42133.000000 30979.000000 7867.000000 19021.000000
969000 41947.000000 32691.500000 8053.000000 17308.500000
970000 39740.500000 35090.500000 10259.500000 14909.500000
971000 36363.500000 34444.500000 13636.500000 15555.500000
972000 37985.000000 37068.500000 12015.000000 12931.500000
973000 39776.000000 35192.000000 10224.000000 14808.000000
974000 40954.500000 36329.000000 9045.500000 13671.000000
975000 36298.500000 39162.000000 13701.500000 10838.000000
976000 36666.500000 38378.000000 13333.500000 11622.000000
977000 36622.500000 36731.000000 13377.500000 13269.000000
978000 37713.000000 36643.500000 12287.000000 13356.500000
979000 35391.000000 35688.000000 14609.000000 14312.000000
980000 36703.500000 38115.000000 13296.500000 11885.000000
981000 40752.500000 40169.000000 9247.500000 9831.000000
982000 38083.000000 40268.000000 11917.000000 9732.000000
983000 35043.500000 38878.500000 14956.500000 11121.500000
984000 34953.500000 36558.000000 15046.500000 13442.000000
985000 35975.500000 36766.500000 14024.500000 13233.500000
986000 40007.000000 36537.000000 9993.000000 13463.000000
987000 41243.500000 34567.500000 8756.500000 15432.500000
988000 41793.000000 33322.500000 8207.000000 16677.500000
989000 38298.500000 35495.500000 11701.500000 14504.500000
990000 29335.000000 33904.000000 20665.000000 16096.000000
991000 27740.500000 32462.000000 22259.500000 17538.000000
992000 22807.000000 28974.000000 27193.000000 21026.000000
993000 25369.000000 32301.500000 24631.000000 17698.500000
994000 31033.500000 31861.500000 18966.500000 18138.500000
995000 32376.500000 28301.500000 17623.500000 21698.500000
996000 32637.000000 25534.000000 17363.000000 24466.000000
997000 32953.000000 30455.000000 17047.000000 19545.000000
998000 33451.000000 32139.500000 16549.000000 17860.500000
999000 34061.000000 32211.000000 15939.000000 17789.000000
