# Number of chasers in hetero or homo sets (within a specific time interval)
# col1: Update time, col2: Number of DCS chasers in hetero sets, col3: Number of GCS chasers in hetero sets, col4: Number of DCS chasers in homo sets, col5: Number of GCS chasers in homo sets
0 33147.500000 31752.000000 16852.500000 18248.000000
1000 40532.500000 34375.000000 9068.000000 16024.500000
2000 27277.000000 23703.500000 7986.000000 41033.500000
3000 22751.500000 18765.500000 6308.500000 52174.500000
4000 23616.500000 19039.500000 5383.500000 51960.500000
5000 18686.000000 18380.000000 5658.000000 57276.000000
6000 18895.000000 20595.500000 3027.500000 57482.000000
7000 17835.500000 21760.000000 3164.500000 57240.000000
8000 18081.000000 20876.000000 2919.000000 58124.000000
9000 17341.500000 22571.000000 3658.500000 56429.000000
10000 17174.000000 22327.000000 3826.000000 56673.000000
11000 18229.500000 27321.000000 2770.500000 51679.000000
12000 18119.000000 34615.500000 2467.000000 44798.500000
13000 15043.000000 37229.500000 5457.000000 42270.500000
14000 13776.000000 33998.000000 6724.000000 45502.000000
15000 12480.500000 29286.500000 7240.500000 50992.500000
16000 13427.500000 25187.000000 5572.500000 55813.000000
17000 19387.000000 20590.500000 10967.000000 49055.500000
18000 20306.500000 21920.500000 12693.500000 45079.500000
19000 9558.500000 29211.000000 23441.500000 37789.000000
20000 9562.000000 27421.000000 23438.000000 39579.000000
21000 10655.500000 20901.000000 22344.500000 46099.000000
22000 12654.000000 21422.500000 20346.000000 45577.500000
23000 13991.500000 22193.000000 19008.500000 44807.000000
24000 13403.500000 25420.000000 19596.500000 41580.000000
25000 18351.500000 28217.500000 14648.500000 38782.500000
26000 19776.500000 28672.000000 13223.500000 38328.000000
27000 18913.000000 23749.500000 20791.500000 36546.000000
28000 19123.000000 20231.000000 25377.000000 35269.000000
29000 20389.500000 23097.000000 24110.500000 32403.000000
30000 20546.500000 23589.000000 23953.500000 31911.000000
31000 17077.000000 22092.500000 26598.000000 34232.500000
32000 13072.000000 20800.500000 25928.000000 40199.500000
33000 14029.000000 23190.000000 24971.000000 37810.000000
34000 15440.500000 20829.500000 23559.500000 40170.500000
35000 17417.500000 19256.000000 21582.500000 41744.000000
36000 13869.000000 19606.000000 25131.000000 41394.000000
37000 12827.000000 22380.000000 26173.000000 38620.000000
38000 13586.500000 22616.500000 25413.500000 38383.500000
39000 16620.500000 21713.500000 22379.500000 39286.500000
40000 24970.500000 22022.000000 14029.500000 38978.000000
41000 21842.000000 22122.500000 16870.000000 39165.500000
42000 14508.000000 19074.000000 20492.000000 45926.000000
43000 6854.500000 12021.500000 26473.500000 54650.500000
44000 12148.500000 10627.000000 19679.500000 57545.000000
45000 12264.000000 9145.500000 18955.000000 59635.500000
46000 13498.000000 11349.000000 19002.000000 56151.000000
47000 11445.000000 11214.000000 21055.000000 56286.000000
48000 11101.000000 10728.500000 21399.000000 56771.500000
49000 13159.000000 14189.500000 19341.000000 53310.500000
50000 13945.000000 18252.500000 18555.000000 49247.500000
51000 14244.000000 15950.000000 17476.000000 52330.000000
52000 15275.500000 11615.500000 14858.500000 58250.500000
53000 12169.000000 10091.500000 15331.000000 62408.500000
54000 14679.500000 9017.000000 12820.500000 63483.000000
55000 14995.500000 11794.500000 12504.500000 60705.500000
56000 14269.500000 7684.500000 13230.500000 64815.500000
57000 9900.500000 8423.000000 17599.500000 64077.000000
58000 11127.000000 11680.500000 16373.000000 60819.500000
59000 15271.500000 13505.500000 12228.500000 58994.500000
60000 14586.500000 14150.000000 12913.500000 58350.000000
61000 12881.000000 14603.500000 14619.000000 57896.500000
62000 13927.500000 15947.500000 13572.500000 56552.500000
63000 12936.500000 15845.000000 14563.500000 56655.000000
64000 14324.000000 18410.000000 13176.000000 54090.000000
65000 18869.000000 26110.500000 8631.000000 46389.500000
66000 18810.000000 32981.000000 8690.000000 39519.000000
67000 21255.500000 31985.000000 6244.500000 40515.000000
68000 24283.000000 34929.000000 3120.000000 37668.000000
69000 24182.500000 34262.000000 2817.500000 38738.000000
70000 21896.500000 25504.000000 4165.500000 48434.000000
71000 21411.500000 27493.000000 4588.500000 46507.000000
72000 18048.000000 27262.000000 7952.000000 46738.000000
73000 15027.000000 29957.500000 10973.000000 44042.500000
74000 14809.500000 30117.500000 8200.000000 46873.000000
75000 11901.500000 28393.000000 2988.500000 56717.000000
76000 10835.500000 24611.500000 3664.500000 60888.500000
77000 10182.000000 24762.000000 4318.000000 60738.000000
78000 10950.000000 38043.000000 3550.000000 47457.000000
79000 10809.500000 33964.500000 18373.000000 36853.000000
80000 10038.000000 27991.500000 21962.000000 40008.500000
81000 9949.000000 25593.500000 22051.000000 42406.500000
82000 11298.000000 29124.000000 20702.000000 38876.000000
83000 15226.500000 26852.000000 16610.000000 41311.500000
84000 17822.500000 20819.500000 19229.500000 42128.500000
85000 16766.500000 17160.500000 22733.500000 43339.500000
86000 15789.000000 19115.000000 23711.000000 41385.000000
87000 17001.000000 22846.000000 22499.000000 37654.000000
88000 18598.500000 22838.000000 20901.500000 37662.000000
89000 19702.000000 23197.000000 19798.000000 37303.000000
90000 20095.000000 21240.500000 19405.000000 39259.500000
91000 18614.000000 21340.500000 20886.000000 39159.500000
92000 14326.500000 17072.000000 25173.500000 43428.000000
93000 18272.000000 13563.500000 20308.000000 47856.500000
94000 14430.500000 12536.500000 22069.500000 50963.500000
95000 8636.000000 13185.000000 27864.000000 50315.000000
96000 8276.000000 12123.000000 28224.000000 51377.000000
97000 8146.000000 12079.000000 28354.000000 51421.000000
98000 9942.500000 13738.500000 26557.500000 49761.500000
99000 17877.500000 18713.000000 18530.500000 44879.000000
100000 15748.000000 12256.000000 18752.000000 53244.000000
101000 16381.000000 11382.000000 18119.000000 54118.000000
102000 12631.500000 12087.000000 21868.500000 53413.000000
103000 17543.000000 9302.000000 16957.000000 56198.000000
104000 18176.500000 9921.000000 16323.500000 55579.000000
105000 20186.000000 12932.500000 14314.000000 52567.500000
106000 19107.000000 17587.500000 15873.000000 47432.500000
107000 22550.000000 16991.000000 12950.000000 47509.000000
108000 19268.500000 23861.000000 16231.500000 40639.000000
109000 20882.000000 22744.500000 14618.000000 41755.500000
110000 22852.000000 22252.000000 12648.000000 42248.000000
111000 22552.000000 22059.000000 12948.000000 42441.000000
112000 25901.500000 24626.000000 9598.500000 39874.000000
113000 21695.000000 21684.500000 12503.000000 44117.500000
114000 15785.500000 20551.500000 17714.500000 45948.500000
115000 19589.000000 22016.500000 13911.000000 44483.500000
116000 22422.000000 23268.500000 11078.000000 43231.500000
117000 16687.500000 21165.500000 29646.500000 32500.500000
118000 14548.000000 34986.500000 34452.000000 16013.500000
119000 15023.000000 30737.000000 33977.000000 20263.000000
120000 11124.000000 24535.000000 35041.000000 29300.000000
121000 9042.000000 12899.000000 36958.000000 41101.000000
122000 8893.500000 14299.000000 37106.500000 39701.000000
123000 5780.000000 16131.500000 40220.000000 37868.500000
124000 5607.000000 24251.000000 40393.000000 29749.000000
125000 8106.500000 23880.500000 37893.500000 30119.500000
126000 5159.000000 15362.500000 40841.000000 38637.500000
127000 4645.000000 11685.000000 40964.500000 42705.500000
128000 6526.000000 15272.500000 38974.000000 39227.500000
129000 3879.000000 16391.000000 41621.000000 38109.000000
130000 13299.500000 14661.500000 32200.500000 39838.500000
131000 17004.500000 14861.500000 22623.000000 45511.000000
132000 14075.000000 16951.500000 23925.000000 45048.500000
133000 20334.000000 18859.500000 17666.000000 43140.500000
134000 20515.500000 17748.500000 17484.500000 44251.500000
135000 19956.000000 20933.000000 18044.000000 41067.000000
136000 20196.000000 17886.500000 17804.000000 44113.500000
137000 20794.500000 16395.000000 15978.500000 46832.000000
138000 21574.000000 16364.000000 13426.000000 48636.000000
139000 20268.500000 14578.000000 14731.500000 50422.000000
140000 20487.000000 13634.500000 14513.000000 51365.500000
141000 18539.500000 12888.000000 16460.500000 52112.000000
142000 17526.000000 13298.000000 17474.000000 51702.000000
143000 21892.500000 13438.000000 13107.500000 51562.000000
144000 24189.000000 16112.500000 10811.000000 48887.500000
145000 17589.500000 16756.500000 17410.500000 48243.500000
146000 15429.500000 16457.000000 22342.500000 45771.000000
147000 14876.500000 11329.000000 25623.500000 48171.000000
148000 19171.500000 10199.000000 21328.500000 49301.000000
149000 16704.000000 10407.000000 23796.000000 49093.000000
150000 13990.000000 12312.000000 26510.000000 47188.000000
151000 14515.000000 12166.500000 25985.000000 47333.500000
152000 4588.000000 10493.000000 35912.000000 49007.000000
153000 3331.000000 11556.000000 37169.000000 47944.000000
154000 12273.500000 10557.500000 28226.500000 48942.500000
155000 26041.500000 10274.500000 14458.500000 49225.500000
156000 12848.000000 12166.000000 27962.000000 47024.000000
157000 12183.500000 13016.000000 28816.500000 45984.000000
158000 19292.500000 10629.000000 21707.500000 48371.000000
159000 18323.500000 9340.500000 22676.500000 49659.500000
160000 15326.000000 8137.500000 25424.500000 51112.000000
161000 16728.500000 7210.500000 23771.500000 52289.500000
162000 9747.500000 5143.000000 33305.500000 51804.000000
163000 5775.500000 3229.500000 37351.500000 53643.500000
164000 7351.500000 5303.500000 35648.500000 51696.500000
165000 7978.500000 4541.000000 35021.500000 52459.000000
166000 8977.500000 4937.500000 34022.500000 52062.500000
167000 9013.000000 4915.000000 33987.000000 52085.000000
168000 8388.500000 4578.500000 34611.500000 52421.500000
169000 9482.000000 4028.000000 33518.000000 52972.000000
170000 9369.500000 4159.500000 33630.500000 52840.500000
171000 8452.500000 4703.500000 34547.500000 52296.500000
172000 5977.500000 5355.000000 37022.500000 51645.000000
173000 7274.000000 6025.500000 35726.000000 50974.500000
174000 9987.500000 5645.000000 33012.500000 51355.000000
175000 9355.000000 5670.000000 33645.000000 51330.000000
176000 9253.500000 5860.000000 33746.500000 51140.000000
177000 9346.000000 6089.500000 33654.000000 50910.500000
178000 9869.500000 5702.500000 33130.500000 51297.500000
179000 18736.000000 5774.500000 24264.000000 51225.500000
180000 18480.500000 5565.000000 24519.500000 51435.000000
181000 16239.000000 6140.000000 26761.000000 50860.000000
182000 19023.000000 6524.000000 23977.000000 50476.000000
183000 20748.500000 6570.500000 22251.500000 50429.500000
184000 23771.500000 5909.500000 19228.500000 51090.500000
185000 20145.500000 6056.500000 22854.500000 50943.500000
186000 9396.500000 4632.500000 33709.000000 52262.000000
187000 4759.500000 4233.500000 38740.500000 52266.500000
188000 7151.000000 4469.500000 36349.000000 52030.500000
189000 20172.500000 4010.500000 23327.500000 52489.500000
190000 23380.500000 4710.000000 20119.500000 51790.000000
191000 24508.000000 5578.000000 18992.000000 50922.000000
192000 24106.500000 5672.000000 19393.500000 50828.000000
193000 24380.000000 5367.000000 19120.000000 51133.000000
194000 26157.500000 5054.000000 17342.500000 51446.000000
195000 17819.000000 5021.500000 25681.000000 51478.500000
196000 17120.500000 4645.000000 26379.500000 51855.000000
197000 21297.000000 5342.500000 22203.000000 51157.500000
198000 21748.000000 5667.500000 21752.000000 50832.500000
199000 21750.500000 5306.500000 21749.500000 51193.500000
200000 18578.000000 5165.000000 24922.000000 51335.000000
201000 17624.500000 4498.500000 25875.500000 52001.500000
202000 18249.000000 5540.000000 25251.000000 50960.000000
203000 18217.000000 5870.500000 25283.000000 50629.500000
204000 18904.000000 6493.000000 24596.000000 50007.000000
205000 21265.000000 6312.000000 22235.000000 50188.000000
206000 20600.500000 6212.000000 22899.500000 50288.000000
207000 19212.000000 6258.000000 24288.000000 50242.000000
208000 19446.000000 6311.500000 24054.000000 50188.500000
209000 19727.500000 6237.000000 23772.500000 50263.000000
210000 20185.000000 6176.000000 23315.000000 50324.000000
211000 16948.500000 6497.000000 26551.500000 50003.000000
212000 16124.000000 6182.500000 27376.000000 50317.500000
213000 17029.000000 5724.500000 26471.000000 50775.500000
214000 19138.000000 5494.500000 24362.000000 51005.500000
215000 21145.000000 5528.000000 22355.000000 50972.000000
216000 20073.000000 5582.000000 23427.000000 50918.000000
217000 18208.500000 5512.000000 25291.500000 50988.000000
218000 22883.500000 5195.000000 20616.500000 51305.000000
219000 19600.500000 4677.000000 23899.500000 51823.000000
220000 22500.500000 4639.500000 20999.500000 51860.500000
221000 26693.500000 6034.500000 16806.500000 50465.500000
222000 21850.000000 5398.500000 21650.000000 51101.500000
223000 25274.500000 4711.500000 18225.500000 51788.500000
224000 22187.500000 5594.000000 21312.500000 50906.000000
225000 21892.500000 5549.500000 21607.500000 50950.500000
226000 12677.500000 3823.000000 31455.500000 52044.000000
227000 8008.000000 2345.000000 38492.000000 51155.000000
228000 4644.500000 2543.500000 41855.500000 50956.500000
229000 8186.500000 3465.000000 38313.500000 50035.000000
230000 11555.500000 3500.000000 34944.500000 50000.000000
231000 9779.500000 3001.500000 36720.500000 50498.500000
232000 9110.000000 2756.500000 37390.000000 50743.500000
233000 7254.000000 2504.000000 39246.000000 50996.000000
234000 5504.000000 2462.000000 40996.000000 51038.000000
235000 4860.500000 2673.000000 41639.500000 50827.000000
236000 4832.000000 2368.500000 41668.000000 51131.500000
237000 3942.500000 2549.500000 42557.500000 50950.500000
238000 4549.000000 2523.000000 41951.000000 50977.000000
239000 5287.500000 2760.500000 41212.500000 50739.500000
240000 5317.500000 1915.500000 41182.500000 51584.500000
241000 8356.000000 1939.000000 38144.000000 51561.000000
242000 6812.000000 2354.500000 39688.000000 51145.500000
243000 7268.500000 1889.000000 39231.500000 51611.000000
244000 9108.000000 2184.500000 37662.000000 51045.500000
245000 8069.000000 1980.000000 38931.000000 51020.000000
246000 8839.000000 2024.000000 38161.000000 50976.000000
247000 7552.500000 2829.500000 39447.500000 50170.500000
248000 7923.500000 2802.000000 39076.500000 50198.000000
249000 7162.000000 2887.000000 39838.000000 50113.000000
250000 4266.500000 2975.500000 42733.500000 50024.500000
251000 3011.000000 2593.000000 44396.000000 50000.000000
252000 2615.000000 2500.000000 44885.000000 50000.000000
253000 3178.000000 2500.000000 44322.000000 50000.000000
254000 2975.000000 2500.000000 44525.000000 50000.000000
255000 5034.500000 2500.000000 42465.500000 50000.000000
256000 4770.000000 2500.000000 42730.000000 50000.000000
257000 4107.000000 2500.000000 43393.000000 50000.000000
258000 12325.500000 2453.000000 35174.500000 50047.000000
259000 3296.000000 2092.000000 44490.000000 50122.000000
260000 3000.000000 1500.000000 45500.000000 50000.000000
261000 3118.500000 1485.500000 45381.500000 50014.500000
262000 3469.500000 1421.500000 45030.500000 50078.500000
263000 3554.000000 1239.500000 44946.000000 50260.500000
264000 2719.000000 1120.500000 45960.000000 50200.500000
265000 1501.500000 968.000000 47498.500000 50032.000000
266000 1996.000000 998.500000 47004.000000 50001.500000
267000 2000.000000 994.000000 47000.000000 50006.000000
268000 1541.000000 951.500000 47459.000000 50048.500000
269000 1838.000000 859.500000 47162.000000 50140.500000
270000 2650.500000 964.500000 46349.500000 50035.500000
271000 2440.000000 851.500000 46560.000000 50148.500000
272000 1454.500000 827.000000 47545.500000 50173.000000
273000 1312.000000 932.500000 47688.000000 50067.500000
274000 1022.500000 907.500000 47977.500000 50092.500000
275000 1063.500000 983.000000 47936.500000 50017.000000
276000 500.000000 500.000000 48500.000000 50500.000000
277000 500.000000 500.000000 48500.000000 50500.000000
278000 500.000000 500.000000 48500.000000 50500.000000
279000 453.000000 453.000000 48547.000000 50547.000000
280000 718.000000 187.500000 48282.000000 50812.500000
281000 2000.000000 500.000000 47000.000000 50500.000000
282000 2000.000000 500.000000 47000.000000 50500.000000
283000 2000.000000 500.000000 47000.000000 50500.000000
284000 2000.000000 500.000000 47000.000000 50500.000000
285000 2000.000000 500.000000 47000.000000 50500.000000
286000 963.500000 498.500000 48036.500000 50501.500000
287000 500.000000 500.000000 48500.000000 50500.000000
288000 554.000000 554.000000 48446.000000 50446.000000
289000 1000.000000 1000.000000 48000.000000 50000.000000
290000 934.500000 934.500000 48065.500000 50065.500000
291000 524.500000 524.500000 48475.500000 50475.500000
292000 2522.000000 756.500000 46478.000000 50243.500000
293000 6740.500000 858.000000 42259.500000 50142.000000
294000 3281.500000 780.500000 45718.500000 50219.500000
295000 1794.000000 750.500000 47206.000000 50249.500000
296000 1390.000000 766.500000 47610.000000 50233.500000
297000 1145.000000 772.500000 47855.000000 50227.500000
298000 862.000000 738.000000 48138.000000 50262.000000
299000 773.000000 661.500000 48227.000000 50338.500000
300000 551.000000 548.000000 48449.000000 50452.000000
301000 929.000000 724.500000 48071.000000 50275.500000
302000 1690.500000 895.000000 47309.500000 50105.000000
303000 2217.000000 942.000000 46783.000000 50058.000000
304000 2115.000000 618.000000 46885.000000 50382.000000
305000 1290.500000 687.000000 47709.500000 50313.000000
306000 155.500000 155.500000 48844.500000 50844.500000
307000 855.500000 550.500000 48144.500000 50449.500000
308000 9586.000000 768.000000 39414.000000 50232.000000
309000 5617.000000 710.500000 43383.000000 50289.500000
310000 5388.000000 930.000000 43612.000000 50070.000000
311000 5470.000000 881.000000 43530.000000 50119.000000
312000 8093.000000 994.500000 40907.000000 50005.500000
313000 3484.000000 471.000000 45710.500000 50334.500000
314000 1031.500000 439.500000 48468.500000 50060.500000
315000 669.000000 354.500000 48831.000000 50145.500000
316000 1364.500000 236.500000 48135.500000 50263.500000
317000 2187.500000 163.000000 47312.500000 50337.000000
318000 3723.500000 276.500000 45776.500000 50223.500000
319000 1701.000000 126.500000 47799.000000 50373.500000
320000 1839.500000 142.000000 47660.500000 50358.000000
321000 2269.000000 177.500000 47231.000000 50322.500000
322000 3480.500000 256.500000 46019.500000 50243.500000
323000 3604.500000 500.000000 45895.500000 50000.000000
324000 3428.500000 481.500000 46071.500000 50018.500000
325000 6335.500000 500.000000 43164.500000 50000.000000
326000 2776.000000 500.000000 46724.000000 50000.000000
327000 2500.000000 500.000000 47000.000000 50000.000000
328000 2500.000000 500.000000 47000.000000 50000.000000
329000 2500.000000 500.000000 47000.000000 50000.000000
330000 2500.000000 500.000000 47000.000000 50000.000000
331000 2500.000000 500.000000 47000.000000 50000.000000
332000 2500.000000 500.000000 47000.000000 50000.000000
333000 2500.000000 500.000000 47000.000000 50000.000000
334000 2500.000000 500.000000 47000.000000 50000.000000
335000 2500.000000 500.000000 47000.000000 50000.000000
336000 2500.000000 500.000000 47000.000000 50000.000000
337000 2500.000000 500.000000 47000.000000 50000.000000
338000 2500.000000 500.000000 47000.000000 50000.000000
339000 2500.000000 500.000000 47000.000000 50000.000000
340000 2500.000000 500.000000 47000.000000 50000.000000
341000 2500.000000 500.000000 47000.000000 50000.000000
342000 2500.000000 500.000000 47000.000000 50000.000000
343000 2500.000000 500.000000 47000.000000 50000.000000
344000 2500.000000 500.000000 47000.000000 50000.000000
345000 2500.000000 500.000000 47000.000000 50000.000000
346000 2500.000000 500.000000 47000.000000 50000.000000
347000 2606.500000 500.000000 46893.500000 50000.000000
348000 1370.000000 483.000000 48130.000000 50017.000000
349000 724.000000 294.500000 48776.000000 50205.500000
350000 996.500000 442.500000 48503.500000 50057.500000
351000 845.500000 426.000000 48654.500000 50074.000000
352000 1038.500000 500.000000 48461.500000 50000.000000
353000 1133.000000 500.000000 48367.000000 50000.000000
354000 1026.000000 500.000000 48474.000000 50000.000000
355000 77.000000 40.000000 49423.000000 50460.000000
356000 0.000000 0.000000 49500.000000 50500.000000
357000 482.000000 120.500000 49018.000000 50379.500000
358000 2000.000000 500.000000 47500.000000 50000.000000
359000 2000.000000 500.000000 47500.000000 50000.000000
360000 2000.000000 500.000000 47500.000000 50000.000000
361000 2000.000000 500.000000 47500.000000 50000.000000
362000 2000.000000 500.000000 47500.000000 50000.000000
363000 863.500000 500.000000 48636.500000 50000.000000
364000 3171.500000 499.500000 46328.500000 50000.500000
365000 2198.500000 499.500000 47301.500000 50000.500000
366000 2352.500000 434.500000 47147.500000 50065.500000
367000 1642.500000 394.500000 47857.500000 50105.500000
368000 1147.000000 270.000000 48353.000000 50230.000000
369000 44.000000 44.000000 49456.000000 50456.000000
370000 79.500000 79.500000 49420.500000 50420.500000
371000 57.000000 57.000000 49443.000000 50443.000000
372000 0.000000 0.000000 49500.000000 50500.000000
373000 0.000000 0.000000 49500.000000 50500.000000
374000 0.000000 0.000000 49500.000000 50500.000000
375000 0.000000 0.000000 49500.000000 50500.000000
376000 0.000000 0.000000 49500.000000 50500.000000
377000 0.000000 0.000000 49500.000000 50500.000000
378000 0.000000 0.000000 49500.000000 50500.000000
379000 0.000000 0.000000 49500.000000 50500.000000
380000 0.000000 0.000000 49500.000000 50500.000000
381000 0.000000 0.000000 49500.000000 50500.000000
382000 0.000000 0.000000 49500.000000 50500.000000
383000 0.000000 0.000000 49500.000000 50500.000000
384000 0.000000 0.000000 49500.000000 50500.000000
385000 0.000000 0.000000 49500.000000 50500.000000
386000 0.000000 0.000000 49500.000000 50500.000000
387000 0.000000 0.000000 49500.000000 50500.000000
388000 0.000000 0.000000 49500.000000 50500.000000
389000 0.000000 0.000000 49500.000000 50500.000000
390000 0.000000 0.000000 49500.000000 50500.000000
391000 0.000000 0.000000 49500.000000 50500.000000
392000 0.000000 0.000000 49500.000000 50500.000000
393000 0.000000 0.000000 49500.000000 50500.000000
394000 0.000000 0.000000 49500.000000 50500.000000
395000 0.000000 0.000000 49500.000000 50500.000000
396000 0.000000 0.000000 49500.000000 50500.000000
397000 402.000000 201.000000 49098.000000 50299.000000
398000 532.000000 133.000000 48968.000000 50367.000000
399000 1263.000000 323.000000 48237.000000 50177.000000
400000 2236.000000 419.500000 47264.000000 50080.500000
401000 2107.000000 487.500000 47393.000000 50012.500000
402000 2742.000000 500.000000 46758.000000 50000.000000
403000 2953.500000 499.000000 46546.500000 50001.000000
404000 2962.500000 499.500000 46537.500000 50000.500000
405000 2953.000000 500.000000 46547.000000 50000.000000
406000 2947.000000 496.000000 46553.000000 50004.000000
407000 2769.500000 472.500000 46730.500000 50027.500000
408000 2867.000000 482.500000 46633.000000 50017.500000
409000 2725.000000 462.000000 46775.000000 50038.000000
410000 2336.000000 402.000000 47164.000000 50098.000000
411000 2482.000000 421.000000 47018.000000 50079.000000
412000 2777.500000 472.000000 46722.500000 50028.000000
413000 2858.000000 483.000000 46642.000000 50017.000000
414000 2886.500000 493.000000 46613.500000 50007.000000
415000 2319.500000 500.000000 47180.500000 50000.000000
416000 1153.500000 500.000000 48346.500000 50000.000000
417000 994.500000 498.500000 48505.500000 50001.500000
418000 97.000000 96.500000 49403.000000 50403.500000
419000 31.000000 17.000000 49469.000000 50483.000000
420000 924.500000 171.500000 48575.500000 50328.500000
421000 285.000000 59.000000 49215.000000 50441.000000
422000 3124.500000 245.500000 46375.500000 50254.500000
423000 11878.500000 500.000000 37621.500000 50000.000000
424000 10671.000000 500.000000 38829.000000 50000.000000
425000 7818.500000 500.000000 41681.500000 50000.000000
426000 8432.500000 500.000000 41067.500000 50000.000000
427000 7598.500000 500.000000 41901.500000 50000.000000
428000 2189.500000 500.000000 47310.500000 50000.000000
429000 3185.000000 500.000000 46315.000000 50000.000000
430000 2026.500000 289.500000 47473.500000 50210.500000
431000 0.000000 0.000000 49500.000000 50500.000000
432000 902.000000 417.500000 48598.000000 50082.500000
433000 422.500000 422.500000 49077.500000 50077.500000
434000 0.000000 0.000000 49500.000000 50500.000000
435000 763.500000 354.000000 48736.500000 50146.000000
436000 684.000000 493.000000 48816.000000 50007.000000
437000 1200.500000 500.000000 48299.500000 50000.000000
438000 2051.500000 500.000000 47448.500000 50000.000000
439000 3028.500000 463.000000 46471.500000 50037.000000
440000 2196.500000 476.000000 47303.500000 50024.000000
441000 1750.000000 486.500000 47750.000000 50013.500000
442000 5811.500000 374.500000 43688.500000 50125.500000
443000 13668.000000 499.500000 35832.000000 50000.500000
444000 6370.500000 500.000000 43129.500000 50000.000000
445000 5578.500000 498.500000 43921.500000 50001.500000
446000 4196.000000 499.500000 45304.000000 50000.500000
447000 5403.000000 500.000000 44097.000000 50000.000000
448000 4801.000000 500.000000 44699.000000 50000.000000
449000 7203.500000 500.000000 42296.500000 50000.000000
450000 1100.500000 500.000000 48399.500000 50000.000000
451000 500.000000 500.000000 49000.000000 50000.000000
452000 500.000000 500.000000 49000.000000 50000.000000
453000 500.000000 500.000000 49000.000000 50000.000000
454000 584.000000 500.000000 48916.000000 50000.000000
455000 431.500000 431.500000 49068.500000 50068.500000
456000 6118.000000 494.500000 43382.000000 50005.500000
457000 16632.500000 496.500000 32867.500000 50003.500000
458000 26535.500000 500.000000 22964.500000 50000.000000
459000 27345.000000 500.000000 22155.000000 50000.000000
460000 22113.500000 500.000000 27386.500000 50000.000000
461000 21362.500000 500.000000 28137.500000 50000.000000
462000 24753.500000 500.000000 24746.500000 50000.000000
463000 22101.500000 471.000000 27398.500000 50029.000000
464000 24256.500000 467.000000 25243.500000 50033.000000
465000 22756.000000 436.500000 26744.000000 50063.500000
466000 16966.500000 350.000000 32533.500000 50150.000000
467000 2000.000000 500.000000 47500.000000 50000.000000
468000 2000.000000 500.000000 47500.000000 50000.000000
469000 2000.000000 500.000000 47500.000000 50000.000000
470000 56.000000 14.000000 49444.000000 50486.000000
471000 0.000000 0.000000 49500.000000 50500.000000
472000 0.000000 0.000000 49500.000000 50500.000000
473000 0.000000 0.000000 49500.000000 50500.000000
474000 0.000000 0.000000 49500.000000 50500.000000
475000 0.000000 0.000000 49500.000000 50500.000000
476000 208.000000 208.000000 49292.000000 50292.000000
477000 500.000000 500.000000 49000.000000 50000.000000
478000 500.000000 500.000000 49000.000000 50000.000000
479000 500.000000 500.000000 49000.000000 50000.000000
480000 500.000000 500.000000 49000.000000 50000.000000
481000 500.000000 500.000000 49000.000000 50000.000000
482000 500.000000 500.000000 49000.000000 50000.000000
483000 500.000000 500.000000 49000.000000 50000.000000
484000 500.000000 500.000000 49000.000000 50000.000000
485000 500.000000 500.000000 49000.000000 50000.000000
486000 500.000000 500.000000 49000.000000 50000.000000
487000 500.000000 500.000000 49000.000000 50000.000000
488000 500.000000 500.000000 49000.000000 50000.000000
489000 500.000000 500.000000 49000.000000 50000.000000
490000 806.500000 500.000000 48693.500000 50000.000000
491000 726.000000 316.000000 48774.000000 50184.000000
492000 590.500000 500.000000 48909.500000 50000.000000
493000 1036.000000 500.000000 48464.000000 50000.000000
494000 1437.000000 460.500000 48063.000000 50039.500000
495000 3286.500000 490.000000 46213.500000 50010.000000
496000 3586.500000 481.500000 45913.500000 50018.500000
497000 156.500000 145.500000 49343.500000 50354.500000
498000 5.500000 5.500000 49494.500000 50494.500000
499000 715.500000 52.500000 48784.500000 50447.500000
500000 6184.500000 497.500000 43315.500000 50002.500000
501000 5437.000000 500.000000 44063.000000 50000.000000
502000 5390.000000 500.000000 44110.000000 50000.000000
503000 5365.000000 500.000000 44135.000000 50000.000000
504000 3006.500000 496.500000 46493.500000 50003.500000
505000 500.000000 500.000000 49000.000000 50000.000000
506000 768.000000 500.000000 48732.000000 50000.000000
507000 936.000000 141.000000 48564.000000 50359.000000
508000 0.000000 0.000000 49500.000000 50500.000000
509000 40.000000 31.500000 49460.000000 50468.500000
510000 67.000000 38.500000 49433.000000 50461.500000
511000 2805.500000 201.500000 46694.500000 50298.500000
512000 2614.000000 263.500000 46886.000000 50236.500000
513000 4886.000000 459.500000 44614.000000 50040.500000
514000 4949.000000 500.000000 44551.000000 50000.000000
515000 5710.500000 497.500000 43789.500000 50002.500000
516000 5086.500000 444.500000 44429.000000 50040.000000
517000 0.000000 0.000000 50000.000000 50000.000000
518000 0.000000 0.000000 50000.000000 50000.000000
519000 0.000000 0.000000 50000.000000 50000.000000
520000 0.000000 0.000000 50000.000000 50000.000000
521000 0.000000 0.000000 50000.000000 50000.000000
522000 0.000000 0.000000 50000.000000 50000.000000
523000 0.000000 0.000000 50000.000000 50000.000000
524000 0.000000 0.000000 50000.000000 50000.000000
525000 0.000000 0.000000 50000.000000 50000.000000
526000 0.000000 0.000000 50000.000000 50000.000000
527000 0.000000 0.000000 50000.000000 50000.000000
528000 0.000000 0.000000 50000.000000 50000.000000
529000 0.000000 0.000000 50000.000000 50000.000000
530000 0.000000 0.000000 50000.000000 50000.000000
531000 0.000000 0.000000 50000.000000 50000.000000
532000 0.000000 0.000000 50000.000000 50000.000000
533000 0.000000 0.000000 50000.000000 50000.000000
534000 0.000000 0.000000 50000.000000 50000.000000
535000 0.000000 0.000000 50000.000000 50000.000000
536000 0.000000 0.000000 50000.000000 50000.000000
537000 0.000000 0.000000 50000.000000 50000.000000
538000 0.000000 0.000000 50000.000000 50000.000000
539000 0.000000 0.000000 50000.000000 50000.000000
540000 0.000000 0.000000 50000.000000 50000.000000
541000 0.000000 0.000000 50000.000000 50000.000000
542000 0.000000 0.000000 50000.000000 50000.000000
543000 0.000000 0.000000 50000.000000 50000.000000
544000 0.000000 0.000000 50000.000000 50000.000000
545000 0.000000 0.000000 50000.000000 50000.000000
546000 0.000000 0.000000 50000.000000 50000.000000
547000 0.000000 0.000000 50000.000000 50000.000000
548000 0.000000 0.000000 50000.000000 50000.000000
549000 0.000000 0.000000 50000.000000 50000.000000
550000 0.000000 0.000000 50000.000000 50000.000000
551000 0.000000 0.000000 50000.000000 50000.000000
552000 0.000000 0.000000 50000.000000 50000.000000
553000 0.000000 0.000000 50000.000000 50000.000000
554000 0.000000 0.000000 50000.000000 50000.000000
555000 0.000000 0.000000 50000.000000 50000.000000
556000 0.000000 0.000000 50000.000000 50000.000000
557000 0.000000 0.000000 50000.000000 50000.000000
558000 0.000000 0.000000 50000.000000 50000.000000
559000 0.000000 0.000000 50000.000000 50000.000000
560000 0.000000 0.000000 50000.000000 50000.000000
561000 0.000000 0.000000 50000.000000 50000.000000
562000 0.000000 0.000000 50000.000000 50000.000000
563000 0.000000 0.000000 50000.000000 50000.000000
564000 0.000000 0.000000 50000.000000 50000.000000
565000 0.000000 0.000000 50000.000000 50000.000000
566000 0.000000 0.000000 50000.000000 50000.000000
567000 0.000000 0.000000 50000.000000 50000.000000
568000 0.000000 0.000000 50000.000000 50000.000000
569000 0.000000 0.000000 50000.000000 50000.000000
570000 0.000000 0.000000 50000.000000 50000.000000
571000 0.000000 0.000000 50000.000000 50000.000000
572000 0.000000 0.000000 50000.000000 50000.000000
573000 0.000000 0.000000 50000.000000 50000.000000
574000 0.000000 0.000000 50000.000000 50000.000000
575000 0.000000 0.000000 50000.000000 50000.000000
576000 0.000000 0.000000 50000.000000 50000.000000
577000 0.000000 0.000000 50000.000000 50000.000000
578000 0.000000 0.000000 50000.000000 50000.000000
579000 0.000000 0.000000 50000.000000 50000.000000
580000 0.000000 0.000000 50000.000000 50000.000000
581000 0.000000 0.000000 50000.000000 50000.000000
582000 0.000000 0.000000 50000.000000 50000.000000
583000 0.000000 0.000000 50000.000000 50000.000000
584000 0.000000 0.000000 50000.000000 50000.000000
585000 0.000000 0.000000 50000.000000 50000.000000
586000 0.000000 0.000000 50000.000000 50000.000000
587000 0.000000 0.000000 50000.000000 50000.000000
588000 0.000000 0.000000 50000.000000 50000.000000
589000 0.000000 0.000000 50000.000000 50000.000000
590000 0.000000 0.000000 50000.000000 50000.000000
591000 0.000000 0.000000 50000.000000 50000.000000
592000 0.000000 0.000000 50000.000000 50000.000000
593000 0.000000 0.000000 50000.000000 50000.000000
594000 0.000000 0.000000 50000.000000 50000.000000
595000 0.000000 0.000000 50000.000000 50000.000000
596000 0.000000 0.000000 50000.000000 50000.000000
597000 0.000000 0.000000 50000.000000 50000.000000
598000 0.000000 0.000000 50000.000000 50000.000000
599000 0.000000 0.000000 50000.000000 50000.000000
600000 0.000000 0.000000 50000.000000 50000.000000
601000 0.000000 0.000000 50000.000000 50000.000000
602000 0.000000 0.000000 50000.000000 50000.000000
603000 0.000000 0.000000 50000.000000 50000.000000
604000 0.000000 0.000000 50000.000000 50000.000000
605000 0.000000 0.000000 50000.000000 50000.000000
606000 0.000000 0.000000 50000.000000 50000.000000
607000 0.000000 0.000000 50000.000000 50000.000000
608000 0.000000 0.000000 50000.000000 50000.000000
609000 0.000000 0.000000 50000.000000 50000.000000
610000 0.000000 0.000000 50000.000000 50000.000000
611000 0.000000 0.000000 50000.000000 50000.000000
612000 0.000000 0.000000 50000.000000 50000.000000
613000 0.000000 0.000000 50000.000000 50000.000000
614000 0.000000 0.000000 50000.000000 50000.000000
615000 0.000000 0.000000 50000.000000 50000.000000
616000 0.000000 0.000000 50000.000000 50000.000000
617000 0.000000 0.000000 50000.000000 50000.000000
618000 0.000000 0.000000 50000.000000 50000.000000
619000 0.000000 0.000000 50000.000000 50000.000000
620000 0.000000 0.000000 50000.000000 50000.000000
621000 0.000000 0.000000 50000.000000 50000.000000
622000 0.000000 0.000000 50000.000000 50000.000000
623000 0.000000 0.000000 50000.000000 50000.000000
624000 0.000000 0.000000 50000.000000 50000.000000
625000 0.000000 0.000000 50000.000000 50000.000000
626000 0.000000 0.000000 50000.000000 50000.000000
627000 0.000000 0.000000 50000.000000 50000.000000
628000 0.000000 0.000000 50000.000000 50000.000000
629000 0.000000 0.000000 50000.000000 50000.000000
630000 0.000000 0.000000 50000.000000 50000.000000
631000 0.000000 0.000000 50000.000000 50000.000000
632000 0.000000 0.000000 50000.000000 50000.000000
633000 0.000000 0.000000 50000.000000 50000.000000
634000 0.000000 0.000000 50000.000000 50000.000000
635000 0.000000 0.000000 50000.000000 50000.000000
636000 0.000000 0.000000 50000.000000 50000.000000
637000 0.000000 0.000000 50000.000000 50000.000000
638000 0.000000 0.000000 50000.000000 50000.000000
639000 0.000000 0.000000 50000.000000 50000.000000
640000 0.000000 0.000000 50000.000000 50000.000000
641000 0.000000 0.000000 50000.000000 50000.000000
642000 0.000000 0.000000 50000.000000 50000.000000
643000 0.000000 0.000000 50000.000000 50000.000000
644000 0.000000 0.000000 50000.000000 50000.000000
645000 0.000000 0.000000 50000.000000 50000.000000
646000 0.000000 0.000000 50000.000000 50000.000000
647000 0.000000 0.000000 50000.000000 50000.000000
648000 0.000000 0.000000 50000.000000 50000.000000
649000 0.000000 0.000000 50000.000000 50000.000000
650000 0.000000 0.000000 50000.000000 50000.000000
651000 0.000000 0.000000 50000.000000 50000.000000
652000 0.000000 0.000000 50000.000000 50000.000000
653000 0.000000 0.000000 50000.000000 50000.000000
654000 0.000000 0.000000 50000.000000 50000.000000
655000 0.000000 0.000000 50000.000000 50000.000000
656000 0.000000 0.000000 50000.000000 50000.000000
657000 0.000000 0.000000 50000.000000 50000.000000
658000 0.000000 0.000000 50000.000000 50000.000000
659000 0.000000 0.000000 50000.000000 50000.000000
660000 0.000000 0.000000 50000.000000 50000.000000
661000 0.000000 0.000000 50000.000000 50000.000000
662000 0.000000 0.000000 50000.000000 50000.000000
663000 0.000000 0.000000 50000.000000 50000.000000
664000 0.000000 0.000000 50000.000000 50000.000000
665000 0.000000 0.000000 50000.000000 50000.000000
666000 0.000000 0.000000 50000.000000 50000.000000
667000 0.000000 0.000000 50000.000000 50000.000000
668000 0.000000 0.000000 50000.000000 50000.000000
669000 0.000000 0.000000 50000.000000 50000.000000
670000 0.000000 0.000000 50000.000000 50000.000000
671000 0.000000 0.000000 50000.000000 50000.000000
672000 0.000000 0.000000 50000.000000 50000.000000
673000 0.000000 0.000000 50000.000000 50000.000000
674000 0.000000 0.000000 50000.000000 50000.000000
675000 0.000000 0.000000 50000.000000 50000.000000
676000 0.000000 0.000000 50000.000000 50000.000000
677000 0.000000 0.000000 50000.000000 50000.000000
678000 0.000000 0.000000 50000.000000 50000.000000
679000 0.000000 0.000000 50000.000000 50000.000000
680000 0.000000 0.000000 50000.000000 50000.000000
681000 0.000000 0.000000 50000.000000 50000.000000
682000 0.000000 0.000000 50000.000000 50000.000000
683000 0.000000 0.000000 50000.000000 50000.000000
684000 0.000000 0.000000 50000.000000 50000.000000
685000 0.000000 0.000000 50000.000000 50000.000000
686000 0.000000 0.000000 50000.000000 50000.000000
687000 0.000000 0.000000 50000.000000 50000.000000
688000 0.000000 0.000000 50000.000000 50000.000000
689000 0.000000 0.000000 50000.000000 50000.000000
690000 0.000000 0.000000 50000.000000 50000.000000
691000 0.000000 0.000000 50000.000000 50000.000000
692000 0.000000 0.000000 50000.000000 50000.000000
693000 0.000000 0.000000 50000.000000 50000.000000
694000 0.000000 0.000000 50000.000000 50000.000000
695000 0.000000 0.000000 50000.000000 50000.000000
696000 0.000000 0.000000 50000.000000 50000.000000
697000 0.000000 0.000000 50000.000000 50000.000000
698000 0.000000 0.000000 50000.000000 50000.000000
699000 0.000000 0.000000 50000.000000 50000.000000
700000 0.000000 0.000000 50000.000000 50000.000000
701000 0.000000 0.000000 50000.000000 50000.000000
702000 0.000000 0.000000 50000.000000 50000.000000
703000 0.000000 0.000000 50000.000000 50000.000000
704000 0.000000 0.000000 50000.000000 50000.000000
705000 0.000000 0.000000 50000.000000 50000.000000
706000 0.000000 0.000000 50000.000000 50000.000000
707000 0.000000 0.000000 50000.000000 50000.000000
708000 0.000000 0.000000 50000.000000 50000.000000
709000 0.000000 0.000000 50000.000000 50000.000000
710000 0.000000 0.000000 50000.000000 50000.000000
711000 0.000000 0.000000 50000.000000 50000.000000
712000 0.000000 0.000000 50000.000000 50000.000000
713000 0.000000 0.000000 50000.000000 50000.000000
714000 0.000000 0.000000 50000.000000 50000.000000
715000 0.000000 0.000000 50000.000000 50000.000000
716000 0.000000 0.000000 50000.000000 50000.000000
717000 0.000000 0.000000 50000.000000 50000.000000
718000 0.000000 0.000000 50000.000000 50000.000000
719000 0.000000 0.000000 50000.000000 50000.000000
720000 0.000000 0.000000 50000.000000 50000.000000
721000 0.000000 0.000000 50000.000000 50000.000000
722000 0.000000 0.000000 50000.000000 50000.000000
723000 0.000000 0.000000 50000.000000 50000.000000
724000 0.000000 0.000000 50000.000000 50000.000000
725000 0.000000 0.000000 50000.000000 50000.000000
726000 0.000000 0.000000 50000.000000 50000.000000
727000 0.000000 0.000000 50000.000000 50000.000000
728000 0.000000 0.000000 50000.000000 50000.000000
729000 0.000000 0.000000 50000.000000 50000.000000
730000 0.000000 0.000000 50000.000000 50000.000000
731000 0.000000 0.000000 50000.000000 50000.000000
732000 0.000000 0.000000 50000.000000 50000.000000
733000 0.000000 0.000000 50000.000000 50000.000000
734000 0.000000 0.000000 50000.000000 50000.000000
735000 0.000000 0.000000 50000.000000 50000.000000
736000 0.000000 0.000000 50000.000000 50000.000000
737000 0.000000 0.000000 50000.000000 50000.000000
738000 0.000000 0.000000 50000.000000 50000.000000
739000 0.000000 0.000000 50000.000000 50000.000000
740000 0.000000 0.000000 50000.000000 50000.000000
741000 0.000000 0.000000 50000.000000 50000.000000
742000 0.000000 0.000000 50000.000000 50000.000000
743000 0.000000 0.000000 50000.000000 50000.000000
744000 0.000000 0.000000 50000.000000 50000.000000
745000 0.000000 0.000000 50000.000000 50000.000000
746000 0.000000 0.000000 50000.000000 50000.000000
747000 0.000000 0.000000 50000.000000 50000.000000
748000 0.000000 0.000000 50000.000000 50000.000000
749000 0.000000 0.000000 50000.000000 50000.000000
750000 0.000000 0.000000 50000.000000 50000.000000
751000 0.000000 0.000000 50000.000000 50000.000000
752000 0.000000 0.000000 50000.000000 50000.000000
753000 0.000000 0.000000 50000.000000 50000.000000
754000 0.000000 0.000000 50000.000000 50000.000000
755000 0.000000 0.000000 50000.000000 50000.000000
756000 0.000000 0.000000 50000.000000 50000.000000
757000 0.000000 0.000000 50000.000000 50000.000000
758000 0.000000 0.000000 50000.000000 50000.000000
759000 0.000000 0.000000 50000.000000 50000.000000
760000 0.000000 0.000000 50000.000000 50000.000000
761000 0.000000 0.000000 50000.000000 50000.000000
762000 0.000000 0.000000 50000.000000 50000.000000
763000 0.000000 0.000000 50000.000000 50000.000000
764000 0.000000 0.000000 50000.000000 50000.000000
765000 0.000000 0.000000 50000.000000 50000.000000
766000 0.000000 0.000000 50000.000000 50000.000000
767000 0.000000 0.000000 50000.000000 50000.000000
768000 0.000000 0.000000 50000.000000 50000.000000
769000 0.000000 0.000000 50000.000000 50000.000000
770000 0.000000 0.000000 50000.000000 50000.000000
771000 0.000000 0.000000 50000.000000 50000.000000
772000 0.000000 0.000000 50000.000000 50000.000000
773000 0.000000 0.000000 50000.000000 50000.000000
774000 0.000000 0.000000 50000.000000 50000.000000
775000 0.000000 0.000000 50000.000000 50000.000000
776000 0.000000 0.000000 50000.000000 50000.000000
777000 0.000000 0.000000 50000.000000 50000.000000
778000 0.000000 0.000000 50000.000000 50000.000000
779000 0.000000 0.000000 50000.000000 50000.000000
780000 0.000000 0.000000 50000.000000 50000.000000
781000 0.000000 0.000000 50000.000000 50000.000000
782000 0.000000 0.000000 50000.000000 50000.000000
783000 0.000000 0.000000 50000.000000 50000.000000
784000 0.000000 0.000000 50000.000000 50000.000000
785000 0.000000 0.000000 50000.000000 50000.000000
786000 0.000000 0.000000 50000.000000 50000.000000
787000 0.000000 0.000000 50000.000000 50000.000000
788000 0.000000 0.000000 50000.000000 50000.000000
789000 0.000000 0.000000 50000.000000 50000.000000
790000 0.000000 0.000000 50000.000000 50000.000000
791000 0.000000 0.000000 50000.000000 50000.000000
792000 0.000000 0.000000 50000.000000 50000.000000
793000 0.000000 0.000000 50000.000000 50000.000000
794000 0.000000 0.000000 50000.000000 50000.000000
795000 0.000000 0.000000 50000.000000 50000.000000
796000 0.000000 0.000000 50000.000000 50000.000000
797000 0.000000 0.000000 50000.000000 50000.000000
798000 0.000000 0.000000 50000.000000 50000.000000
799000 0.000000 0.000000 50000.000000 50000.000000
800000 0.000000 0.000000 50000.000000 50000.000000
801000 0.000000 0.000000 50000.000000 50000.000000
802000 0.000000 0.000000 50000.000000 50000.000000
803000 0.000000 0.000000 50000.000000 50000.000000
804000 0.000000 0.000000 50000.000000 50000.000000
805000 0.000000 0.000000 50000.000000 50000.000000
806000 0.000000 0.000000 50000.000000 50000.000000
807000 0.000000 0.000000 50000.000000 50000.000000
808000 0.000000 0.000000 50000.000000 50000.000000
809000 0.000000 0.000000 50000.000000 50000.000000
810000 0.000000 0.000000 50000.000000 50000.000000
811000 0.000000 0.000000 50000.000000 50000.000000
812000 0.000000 0.000000 50000.000000 50000.000000
813000 0.000000 0.000000 50000.000000 50000.000000
814000 0.000000 0.000000 50000.000000 50000.000000
815000 0.000000 0.000000 50000.000000 50000.000000
816000 0.000000 0.000000 50000.000000 50000.000000
817000 0.000000 0.000000 50000.000000 50000.000000
818000 0.000000 0.000000 50000.000000 50000.000000
819000 0.000000 0.000000 50000.000000 50000.000000
820000 0.000000 0.000000 50000.000000 50000.000000
821000 0.000000 0.000000 50000.000000 50000.000000
822000 0.000000 0.000000 50000.000000 50000.000000
823000 0.000000 0.000000 50000.000000 50000.000000
824000 0.000000 0.000000 50000.000000 50000.000000
825000 0.000000 0.000000 50000.000000 50000.000000
826000 0.000000 0.000000 50000.000000 50000.000000
827000 0.000000 0.000000 50000.000000 50000.000000
828000 0.000000 0.000000 50000.000000 50000.000000
829000 0.000000 0.000000 50000.000000 50000.000000
830000 0.000000 0.000000 50000.000000 50000.000000
831000 0.000000 0.000000 50000.000000 50000.000000
832000 0.000000 0.000000 50000.000000 50000.000000
833000 0.000000 0.000000 50000.000000 50000.000000
834000 0.000000 0.000000 50000.000000 50000.000000
835000 0.000000 0.000000 50000.000000 50000.000000
836000 0.000000 0.000000 50000.000000 50000.000000
837000 0.000000 0.000000 50000.000000 50000.000000
838000 0.000000 0.000000 50000.000000 50000.000000
839000 0.000000 0.000000 50000.000000 50000.000000
840000 0.000000 0.000000 50000.000000 50000.000000
841000 0.000000 0.000000 50000.000000 50000.000000
842000 0.000000 0.000000 50000.000000 50000.000000
843000 0.000000 0.000000 50000.000000 50000.000000
844000 0.000000 0.000000 50000.000000 50000.000000
845000 0.000000 0.000000 50000.000000 50000.000000
846000 0.000000 0.000000 50000.000000 50000.000000
847000 0.000000 0.000000 50000.000000 50000.000000
848000 0.000000 0.000000 50000.000000 50000.000000
849000 0.000000 0.000000 50000.000000 50000.000000
850000 0.000000 0.000000 50000.000000 50000.000000
851000 0.000000 0.000000 50000.000000 50000.000000
852000 0.000000 0.000000 50000.000000 50000.000000
853000 0.000000 0.000000 50000.000000 50000.000000
854000 0.000000 0.000000 50000.000000 50000.000000
855000 0.000000 0.000000 50000.000000 50000.000000
856000 0.000000 0.000000 50000.000000 50000.000000
857000 0.000000 0.000000 50000.000000 50000.000000
858000 0.000000 0.000000 50000.000000 50000.000000
859000 0.000000 0.000000 50000.000000 50000.000000
860000 0.000000 0.000000 50000.000000 50000.000000
861000 0.000000 0.000000 50000.000000 50000.000000
862000 0.000000 0.000000 50000.000000 50000.000000
863000 0.000000 0.000000 50000.000000 50000.000000
864000 0.000000 0.000000 50000.000000 50000.000000
865000 0.000000 0.000000 50000.000000 50000.000000
866000 0.000000 0.000000 50000.000000 50000.000000
867000 0.000000 0.000000 50000.000000 50000.000000
868000 0.000000 0.000000 50000.000000 50000.000000
869000 0.000000 0.000000 50000.000000 50000.000000
870000 0.000000 0.000000 50000.000000 50000.000000
871000 0.000000 0.000000 50000.000000 50000.000000
872000 0.000000 0.000000 50000.000000 50000.000000
873000 0.000000 0.000000 50000.000000 50000.000000
874000 0.000000 0.000000 50000.000000 50000.000000
875000 0.000000 0.000000 50000.000000 50000.000000
876000 0.000000 0.000000 50000.000000 50000.000000
877000 0.000000 0.000000 50000.000000 50000.000000
878000 0.000000 0.000000 50000.000000 50000.000000
879000 0.000000 0.000000 50000.000000 50000.000000
880000 0.000000 0.000000 50000.000000 50000.000000
881000 0.000000 0.000000 50000.000000 50000.000000
882000 0.000000 0.000000 50000.000000 50000.000000
883000 0.000000 0.000000 50000.000000 50000.000000
884000 0.000000 0.000000 50000.000000 50000.000000
885000 0.000000 0.000000 50000.000000 50000.000000
886000 0.000000 0.000000 50000.000000 50000.000000
887000 0.000000 0.000000 50000.000000 50000.000000
888000 0.000000 0.000000 50000.000000 50000.000000
889000 0.000000 0.000000 50000.000000 50000.000000
890000 0.000000 0.000000 50000.000000 50000.000000
891000 0.000000 0.000000 50000.000000 50000.000000
892000 0.000000 0.000000 50000.000000 50000.000000
893000 0.000000 0.000000 50000.000000 50000.000000
894000 0.000000 0.000000 50000.000000 50000.000000
895000 0.000000 0.000000 50000.000000 50000.000000
896000 0.000000 0.000000 50000.000000 50000.000000
897000 0.000000 0.000000 50000.000000 50000.000000
898000 0.000000 0.000000 50000.000000 50000.000000
899000 0.000000 0.000000 50000.000000 50000.000000
900000 0.000000 0.000000 50000.000000 50000.000000
901000 0.000000 0.000000 50000.000000 50000.000000
902000 0.000000 0.000000 50000.000000 50000.000000
903000 0.000000 0.000000 50000.000000 50000.000000
904000 0.000000 0.000000 50000.000000 50000.000000
905000 0.000000 0.000000 50000.000000 50000.000000
906000 0.000000 0.000000 50000.000000 50000.000000
907000 0.000000 0.000000 50000.000000 50000.000000
908000 0.000000 0.000000 50000.000000 50000.000000
909000 0.000000 0.000000 50000.000000 50000.000000
910000 0.000000 0.000000 50000.000000 50000.000000
911000 0.000000 0.000000 50000.000000 50000.000000
912000 0.000000 0.000000 50000.000000 50000.000000
913000 0.000000 0.000000 50000.000000 50000.000000
914000 0.000000 0.000000 50000.000000 50000.000000
915000 0.000000 0.000000 50000.000000 50000.000000
916000 0.000000 0.000000 50000.000000 50000.000000
917000 0.000000 0.000000 50000.000000 50000.000000
918000 0.000000 0.000000 50000.000000 50000.000000
919000 0.000000 0.000000 50000.000000 50000.000000
920000 0.000000 0.000000 50000.000000 50000.000000
921000 0.000000 0.000000 50000.000000 50000.000000
922000 0.000000 0.000000 50000.000000 50000.000000
923000 0.000000 0.000000 50000.000000 50000.000000
924000 0.000000 0.000000 50000.000000 50000.000000
925000 0.000000 0.000000 50000.000000 50000.000000
926000 0.000000 0.000000 50000.000000 50000.000000
927000 0.000000 0.000000 50000.000000 50000.000000
928000 0.000000 0.000000 50000.000000 50000.000000
929000 0.000000 0.000000 50000.000000 50000.000000
930000 0.000000 0.000000 50000.000000 50000.000000
931000 0.000000 0.000000 50000.000000 50000.000000
932000 0.000000 0.000000 50000.000000 50000.000000
933000 0.000000 0.000000 50000.000000 50000.000000
934000 0.000000 0.000000 50000.000000 50000.000000
935000 0.000000 0.000000 50000.000000 50000.000000
936000 0.000000 0.000000 50000.000000 50000.000000
937000 0.000000 0.000000 50000.000000 50000.000000
938000 0.000000 0.000000 50000.000000 50000.000000
939000 0.000000 0.000000 50000.000000 50000.000000
940000 0.000000 0.000000 50000.000000 50000.000000
941000 0.000000 0.000000 50000.000000 50000.000000
942000 0.000000 0.000000 50000.000000 50000.000000
943000 0.000000 0.000000 50000.000000 50000.000000
944000 0.000000 0.000000 50000.000000 50000.000000
945000 0.000000 0.000000 50000.000000 50000.000000
946000 0.000000 0.000000 50000.000000 50000.000000
947000 0.000000 0.000000 50000.000000 50000.000000
948000 0.000000 0.000000 50000.000000 50000.000000
949000 0.000000 0.000000 50000.000000 50000.000000
950000 0.000000 0.000000 50000.000000 50000.000000
951000 0.000000 0.000000 50000.000000 50000.000000
952000 0.000000 0.000000 50000.000000 50000.000000
953000 0.000000 0.000000 50000.000000 50000.000000
954000 0.000000 0.000000 50000.000000 50000.000000
955000 0.000000 0.000000 50000.000000 50000.000000
956000 0.000000 0.000000 50000.000000 50000.000000
957000 0.000000 0.000000 50000.000000 50000.000000
958000 0.000000 0.000000 50000.000000 50000.000000
959000 0.000000 0.000000 50000.000000 50000.000000
960000 0.000000 0.000000 50000.000000 50000.000000
961000 0.000000 0.000000 50000.000000 50000.000000
962000 0.000000 0.000000 50000.000000 50000.000000
963000 0.000000 0.000000 50000.000000 50000.000000
964000 0.000000 0.000000 50000.000000 50000.000000
965000 0.000000 0.000000 50000.000000 50000.000000
966000 0.000000 0.000000 50000.000000 50000.000000
967000 0.000000 0.000000 50000.000000 50000.000000
968000 0.000000 0.000000 50000.000000 50000.000000
969000 0.000000 0.000000 50000.000000 50000.000000
970000 0.000000 0.000000 50000.000000 50000.000000
971000 0.000000 0.000000 50000.000000 50000.000000
972000 0.000000 0.000000 50000.000000 50000.000000
973000 0.000000 0.000000 50000.000000 50000.000000
974000 0.000000 0.000000 50000.000000 50000.000000
975000 0.000000 0.000000 50000.000000 50000.000000
976000 0.000000 0.000000 50000.000000 50000.000000
977000 0.000000 0.000000 50000.000000 50000.000000
978000 0.000000 0.000000 50000.000000 50000.000000
979000 0.000000 0.000000 50000.000000 50000.000000
980000 0.000000 0.000000 50000.000000 50000.000000
981000 0.000000 0.000000 50000.000000 50000.000000
982000 0.000000 0.000000 50000.000000 50000.000000
983000 0.000000 0.000000 50000.000000 50000.000000
984000 0.000000 0.000000 50000.000000 50000.000000
985000 0.000000 0.000000 50000.000000 50000.000000
986000 0.000000 0.000000 50000.000000 50000.000000
987000 0.000000 0.000000 50000.000000 50000.000000
988000 0.000000 0.000000 50000.000000 50000.000000
989000 0.000000 0.000000 50000.000000 50000.000000
990000 0.000000 0.000000 50000.000000 50000.000000
991000 0.000000 0.000000 50000.000000 50000.000000
992000 0.000000 0.000000 50000.000000 50000.000000
993000 0.000000 0.000000 50000.000000 50000.000000
994000 0.000000 0.000000 50000.000000 50000.000000
995000 0.000000 0.000000 50000.000000 50000.000000
996000 0.000000 0.000000 50000.000000 50000.000000
997000 0.000000 0.000000 50000.000000 50000.000000
998000 0.000000 0.000000 50000.000000 50000.000000
999000 0.000000 0.000000 50000.000000 50000.000000
