# Number of chasers based on strategy (for the given time)
# col1: Update time, col2: Number of DCS, col3: Number of GCS
0 50.000000 50.000000
1000 50.000000 50.000000
2000 41.500000 58.500000
3000 30.500000 69.500000
4000 29.000000 71.000000
5000 29.000000 71.000000
6000 22.500000 77.500000
7000 21.000000 79.000000
8000 21.000000 79.000000
9000 21.000000 79.000000
10000 21.000000 79.000000
11000 21.000000 79.000000
12000 21.000000 79.000000
13000 20.500000 79.500000
14000 20.500000 79.500000
15000 20.500000 79.500000
16000 19.000000 81.000000
17000 19.000000 81.000000
18000 33.000000 67.000000
19000 33.000000 67.000000
20000 33.000000 67.000000
21000 33.000000 67.000000
22000 33.000000 67.000000
23000 33.000000 67.000000
24000 33.000000 67.000000
25000 33.000000 67.000000
26000 33.000000 67.000000
27000 33.000000 67.000000
28000 44.500000 55.500000
29000 44.500000 55.500000
30000 44.500000 55.500000
31000 44.500000 55.500000
32000 39.000000 61.000000
33000 39.000000 61.000000
34000 39.000000 61.000000
35000 39.000000 61.000000
36000 39.000000 61.000000
37000 39.000000 61.000000
38000 39.000000 61.000000
39000 39.000000 61.000000
40000 39.000000 61.000000
41000 39.000000 61.000000
42000 35.000000 65.000000
43000 35.000000 65.000000
44000 33.000000 67.000000
45000 31.000000 69.000000
46000 32.500000 67.500000
47000 32.500000 67.500000
48000 32.500000 67.500000
49000 32.500000 67.500000
50000 32.500000 67.500000
51000 32.500000 67.500000
52000 30.500000 69.500000
53000 27.500000 72.500000
54000 27.500000 72.500000
55000 27.500000 72.500000
56000 27.500000 72.500000
57000 27.500000 72.500000
58000 27.500000 72.500000
59000 27.500000 72.500000
60000 27.500000 72.500000
61000 27.500000 72.500000
62000 27.500000 72.500000
63000 27.500000 72.500000
64000 27.500000 72.500000
65000 27.500000 72.500000
66000 27.500000 72.500000
67000 27.500000 72.500000
68000 27.500000 72.500000
69000 27.000000 73.000000
70000 27.000000 73.000000
71000 26.000000 74.000000
72000 26.000000 74.000000
73000 26.000000 74.000000
74000 26.000000 74.000000
75000 16.500000 83.500000
76000 14.500000 85.500000
77000 14.500000 85.500000
78000 14.500000 85.500000
79000 14.500000 85.500000
80000 32.000000 68.000000
81000 32.000000 68.000000
82000 32.000000 68.000000
83000 32.000000 68.000000
84000 31.500000 68.500000
85000 39.500000 60.500000
86000 39.500000 60.500000
87000 39.500000 60.500000
88000 39.500000 60.500000
89000 39.500000 60.500000
90000 39.500000 60.500000
91000 39.500000 60.500000
92000 39.500000 60.500000
93000 39.500000 60.500000
94000 36.500000 63.500000
95000 36.500000 63.500000
96000 36.500000 63.500000
97000 36.500000 63.500000
98000 36.500000 63.500000
99000 36.500000 63.500000
100000 34.500000 65.500000
101000 34.500000 65.500000
102000 34.500000 65.500000
103000 34.500000 65.500000
104000 34.500000 65.500000
105000 34.500000 65.500000
106000 34.500000 65.500000
107000 35.500000 64.500000
108000 35.500000 64.500000
109000 35.500000 64.500000
110000 35.500000 64.500000
111000 35.500000 64.500000
112000 35.500000 64.500000
113000 35.500000 64.500000
114000 33.500000 66.500000
115000 33.500000 66.500000
116000 33.500000 66.500000
117000 33.500000 66.500000
118000 49.000000 51.000000
119000 49.000000 51.000000
120000 49.000000 51.000000
121000 46.000000 54.000000
122000 46.000000 54.000000
123000 46.000000 54.000000
124000 46.000000 54.000000
125000 46.000000 54.000000
126000 46.000000 54.000000
127000 46.000000 54.000000
128000 45.500000 54.500000
129000 45.500000 54.500000
130000 45.500000 54.500000
131000 45.500000 54.500000
132000 38.000000 62.000000
133000 38.000000 62.000000
134000 38.000000 62.000000
135000 38.000000 62.000000
136000 38.000000 62.000000
137000 38.000000 62.000000
138000 35.000000 65.000000
139000 35.000000 65.000000
140000 35.000000 65.000000
141000 35.000000 65.000000
142000 35.000000 65.000000
143000 35.000000 65.000000
144000 35.000000 65.000000
145000 35.000000 65.000000
146000 35.000000 65.000000
147000 40.500000 59.500000
148000 40.500000 59.500000
149000 40.500000 59.500000
150000 40.500000 59.500000
151000 40.500000 59.500000
152000 40.500000 59.500000
153000 40.500000 59.500000
154000 40.500000 59.500000
155000 40.500000 59.500000
156000 40.500000 59.500000
157000 41.000000 59.000000
158000 41.000000 59.000000
159000 41.000000 59.000000
160000 41.000000 59.000000
161000 40.500000 59.500000
162000 40.500000 59.500000
163000 43.500000 56.500000
164000 43.000000 57.000000
165000 43.000000 57.000000
166000 43.000000 57.000000
167000 43.000000 57.000000
168000 43.000000 57.000000
169000 43.000000 57.000000
170000 43.000000 57.000000
171000 43.000000 57.000000
172000 43.000000 57.000000
173000 43.000000 57.000000
174000 43.000000 57.000000
175000 43.000000 57.000000
176000 43.000000 57.000000
177000 43.000000 57.000000
178000 43.000000 57.000000
179000 43.000000 57.000000
180000 43.000000 57.000000
181000 43.000000 57.000000
182000 43.000000 57.000000
183000 43.000000 57.000000
184000 43.000000 57.000000
185000 43.000000 57.000000
186000 43.000000 57.000000
187000 43.500000 56.500000
188000 43.500000 56.500000
189000 43.500000 56.500000
190000 43.500000 56.500000
191000 43.500000 56.500000
192000 43.500000 56.500000
193000 43.500000 56.500000
194000 43.500000 56.500000
195000 43.500000 56.500000
196000 43.500000 56.500000
197000 43.500000 56.500000
198000 43.500000 56.500000
199000 43.500000 56.500000
200000 43.500000 56.500000
201000 43.500000 56.500000
202000 43.500000 56.500000
203000 43.500000 56.500000
204000 43.500000 56.500000
205000 43.500000 56.500000
206000 43.500000 56.500000
207000 43.500000 56.500000
208000 43.500000 56.500000
209000 43.500000 56.500000
210000 43.500000 56.500000
211000 43.500000 56.500000
212000 43.500000 56.500000
213000 43.500000 56.500000
214000 43.500000 56.500000
215000 43.500000 56.500000
216000 43.500000 56.500000
217000 43.500000 56.500000
218000 43.500000 56.500000
219000 43.500000 56.500000
220000 43.500000 56.500000
221000 43.500000 56.500000
222000 43.500000 56.500000
223000 43.500000 56.500000
224000 43.500000 56.500000
225000 43.500000 56.500000
226000 43.500000 56.500000
227000 46.500000 53.500000
228000 46.500000 53.500000
229000 46.500000 53.500000
230000 46.500000 53.500000
231000 46.500000 53.500000
232000 46.500000 53.500000
233000 46.500000 53.500000
234000 46.500000 53.500000
235000 46.500000 53.500000
236000 46.500000 53.500000
237000 46.500000 53.500000
238000 46.500000 53.500000
239000 46.500000 53.500000
240000 46.500000 53.500000
241000 46.500000 53.500000
242000 46.500000 53.500000
243000 46.500000 53.500000
244000 46.500000 53.500000
245000 47.000000 53.000000
246000 47.000000 53.000000
247000 47.000000 53.000000
248000 47.000000 53.000000
249000 47.000000 53.000000
250000 47.000000 53.000000
251000 47.000000 53.000000
252000 47.500000 52.500000
253000 47.500000 52.500000
254000 47.500000 52.500000
255000 47.500000 52.500000
256000 47.500000 52.500000
257000 47.500000 52.500000
258000 47.500000 52.500000
259000 47.500000 52.500000
260000 48.500000 51.500000
261000 48.500000 51.500000
262000 48.500000 51.500000
263000 48.500000 51.500000
264000 48.500000 51.500000
265000 49.000000 51.000000
266000 49.000000 51.000000
267000 49.000000 51.000000
268000 49.000000 51.000000
269000 49.000000 51.000000
270000 49.000000 51.000000
271000 49.000000 51.000000
272000 49.000000 51.000000
273000 49.000000 51.000000
274000 49.000000 51.000000
275000 49.000000 51.000000
276000 49.000000 51.000000
277000 49.000000 51.000000
278000 49.000000 51.000000
279000 49.000000 51.000000
280000 49.000000 51.000000
281000 49.000000 51.000000
282000 49.000000 51.000000
283000 49.000000 51.000000
284000 49.000000 51.000000
285000 49.000000 51.000000
286000 49.000000 51.000000
287000 49.000000 51.000000
288000 49.000000 51.000000
289000 49.000000 51.000000
290000 49.000000 51.000000
291000 49.000000 51.000000
292000 49.000000 51.000000
293000 49.000000 51.000000
294000 49.000000 51.000000
295000 49.000000 51.000000
296000 49.000000 51.000000
297000 49.000000 51.000000
298000 49.000000 51.000000
299000 49.000000 51.000000
300000 49.000000 51.000000
301000 49.000000 51.000000
302000 49.000000 51.000000
303000 49.000000 51.000000
304000 49.000000 51.000000
305000 49.000000 51.000000
306000 49.000000 51.000000
307000 49.000000 51.000000
308000 49.000000 51.000000
309000 49.000000 51.000000
310000 49.000000 51.000000
311000 49.000000 51.000000
312000 49.000000 51.000000
313000 49.000000 51.000000
314000 49.500000 50.500000
315000 49.500000 50.500000
316000 49.500000 50.500000
317000 49.500000 50.500000
318000 49.500000 50.500000
319000 49.500000 50.500000
320000 49.500000 50.500000
321000 49.500000 50.500000
322000 49.500000 50.500000
323000 49.500000 50.500000
324000 49.500000 50.500000
325000 49.500000 50.500000
326000 49.500000 50.500000
327000 49.500000 50.500000
328000 49.500000 50.500000
329000 49.500000 50.500000
330000 49.500000 50.500000
331000 49.500000 50.500000
332000 49.500000 50.500000
333000 49.500000 50.500000
334000 49.500000 50.500000
335000 49.500000 50.500000
336000 49.500000 50.500000
337000 49.500000 50.500000
338000 49.500000 50.500000
339000 49.500000 50.500000
340000 49.500000 50.500000
341000 49.500000 50.500000
342000 49.500000 50.500000
343000 49.500000 50.500000
344000 49.500000 50.500000
345000 49.500000 50.500000
346000 49.500000 50.500000
347000 49.500000 50.500000
348000 49.500000 50.500000
349000 49.500000 50.500000
350000 49.500000 50.500000
351000 49.500000 50.500000
352000 49.500000 50.500000
353000 49.500000 50.500000
354000 49.500000 50.500000
355000 49.500000 50.500000
356000 49.500000 50.500000
357000 49.500000 50.500000
358000 49.500000 50.500000
359000 49.500000 50.500000
360000 49.500000 50.500000
361000 49.500000 50.500000
362000 49.500000 50.500000
363000 49.500000 50.500000
364000 49.500000 50.500000
365000 49.500000 50.500000
366000 49.500000 50.500000
367000 49.500000 50.500000
368000 49.500000 50.500000
369000 49.500000 50.500000
370000 49.500000 50.500000
371000 49.500000 50.500000
372000 49.500000 50.500000
373000 49.500000 50.500000
374000 49.500000 50.500000
375000 49.500000 50.500000
376000 49.500000 50.500000
377000 49.500000 50.500000
378000 49.500000 50.500000
379000 49.500000 50.500000
380000 49.500000 50.500000
381000 49.500000 50.500000
382000 49.500000 50.500000
383000 49.500000 50.500000
384000 49.500000 50.500000
385000 49.500000 50.500000
386000 49.500000 50.500000
387000 49.500000 50.500000
388000 49.500000 50.500000
389000 49.500000 50.500000
390000 49.500000 50.500000
391000 49.500000 50.500000
392000 49.500000 50.500000
393000 49.500000 50.500000
394000 49.500000 50.500000
395000 49.500000 50.500000
396000 49.500000 50.500000
397000 49.500000 50.500000
398000 49.500000 50.500000
399000 49.500000 50.500000
400000 49.500000 50.500000
401000 49.500000 50.500000
402000 49.500000 50.500000
403000 49.500000 50.500000
404000 49.500000 50.500000
405000 49.500000 50.500000
406000 49.500000 50.500000
407000 49.500000 50.500000
408000 49.500000 50.500000
409000 49.500000 50.500000
410000 49.500000 50.500000
411000 49.500000 50.500000
412000 49.500000 50.500000
413000 49.500000 50.500000
414000 49.500000 50.500000
415000 49.500000 50.500000
416000 49.500000 50.500000
417000 49.500000 50.500000
418000 49.500000 50.500000
419000 49.500000 50.500000
420000 49.500000 50.500000
421000 49.500000 50.500000
422000 49.500000 50.500000
423000 49.500000 50.500000
424000 49.500000 50.500000
425000 49.500000 50.500000
426000 49.500000 50.500000
427000 49.500000 50.500000
428000 49.500000 50.500000
429000 49.500000 50.500000
430000 49.500000 50.500000
431000 49.500000 50.500000
432000 49.500000 50.500000
433000 49.500000 50.500000
434000 49.500000 50.500000
435000 49.500000 50.500000
436000 49.500000 50.500000
437000 49.500000 50.500000
438000 49.500000 50.500000
439000 49.500000 50.500000
440000 49.500000 50.500000
441000 49.500000 50.500000
442000 49.500000 50.500000
443000 49.500000 50.500000
444000 49.500000 50.500000
445000 49.500000 50.500000
446000 49.500000 50.500000
447000 49.500000 50.500000
448000 49.500000 50.500000
449000 49.500000 50.500000
450000 49.500000 50.500000
451000 49.500000 50.500000
452000 49.500000 50.500000
453000 49.500000 50.500000
454000 49.500000 50.500000
455000 49.500000 50.500000
456000 49.500000 50.500000
457000 49.500000 50.500000
458000 49.500000 50.500000
459000 49.500000 50.500000
460000 49.500000 50.500000
461000 49.500000 50.500000
462000 49.500000 50.500000
463000 49.500000 50.500000
464000 49.500000 50.500000
465000 49.500000 50.500000
466000 49.500000 50.500000
467000 49.500000 50.500000
468000 49.500000 50.500000
469000 49.500000 50.500000
470000 49.500000 50.500000
471000 49.500000 50.500000
472000 49.500000 50.500000
473000 49.500000 50.500000
474000 49.500000 50.500000
475000 49.500000 50.500000
476000 49.500000 50.500000
477000 49.500000 50.500000
478000 49.500000 50.500000
479000 49.500000 50.500000
480000 49.500000 50.500000
481000 49.500000 50.500000
482000 49.500000 50.500000
483000 49.500000 50.500000
484000 49.500000 50.500000
485000 49.500000 50.500000
486000 49.500000 50.500000
487000 49.500000 50.500000
488000 49.500000 50.500000
489000 49.500000 50.500000
490000 49.500000 50.500000
491000 49.500000 50.500000
492000 49.500000 50.500000
493000 49.500000 50.500000
494000 49.500000 50.500000
495000 49.500000 50.500000
496000 49.500000 50.500000
497000 49.500000 50.500000
498000 49.500000 50.500000
499000 49.500000 50.500000
500000 49.500000 50.500000
501000 49.500000 50.500000
502000 49.500000 50.500000
503000 49.500000 50.500000
504000 49.500000 50.500000
505000 49.500000 50.500000
506000 49.500000 50.500000
507000 49.500000 50.500000
508000 49.500000 50.500000
509000 49.500000 50.500000
510000 49.500000 50.500000
511000 49.500000 50.500000
512000 49.500000 50.500000
513000 49.500000 50.500000
514000 49.500000 50.500000
515000 49.500000 50.500000
516000 49.500000 50.500000
517000 50.000000 50.000000
518000 50.000000 50.000000
519000 50.000000 50.000000
520000 50.000000 50.000000
521000 50.000000 50.000000
522000 50.000000 50.000000
523000 50.000000 50.000000
524000 50.000000 50.000000
525000 50.000000 50.000000
526000 50.000000 50.000000
527000 50.000000 50.000000
528000 50.000000 50.000000
529000 50.000000 50.000000
530000 50.000000 50.000000
531000 50.000000 50.000000
532000 50.000000 50.000000
533000 50.000000 50.000000
534000 50.000000 50.000000
535000 50.000000 50.000000
536000 50.000000 50.000000
537000 50.000000 50.000000
538000 50.000000 50.000000
539000 50.000000 50.000000
540000 50.000000 50.000000
541000 50.000000 50.000000
542000 50.000000 50.000000
543000 50.000000 50.000000
544000 50.000000 50.000000
545000 50.000000 50.000000
546000 50.000000 50.000000
547000 50.000000 50.000000
548000 50.000000 50.000000
549000 50.000000 50.000000
550000 50.000000 50.000000
551000 50.000000 50.000000
552000 50.000000 50.000000
553000 50.000000 50.000000
554000 50.000000 50.000000
555000 50.000000 50.000000
556000 50.000000 50.000000
557000 50.000000 50.000000
558000 50.000000 50.000000
559000 50.000000 50.000000
560000 50.000000 50.000000
561000 50.000000 50.000000
562000 50.000000 50.000000
563000 50.000000 50.000000
564000 50.000000 50.000000
565000 50.000000 50.000000
566000 50.000000 50.000000
567000 50.000000 50.000000
568000 50.000000 50.000000
569000 50.000000 50.000000
570000 50.000000 50.000000
571000 50.000000 50.000000
572000 50.000000 50.000000
573000 50.000000 50.000000
574000 50.000000 50.000000
575000 50.000000 50.000000
576000 50.000000 50.000000
577000 50.000000 50.000000
578000 50.000000 50.000000
579000 50.000000 50.000000
580000 50.000000 50.000000
581000 50.000000 50.000000
582000 50.000000 50.000000
583000 50.000000 50.000000
584000 50.000000 50.000000
585000 50.000000 50.000000
586000 50.000000 50.000000
587000 50.000000 50.000000
588000 50.000000 50.000000
589000 50.000000 50.000000
590000 50.000000 50.000000
591000 50.000000 50.000000
592000 50.000000 50.000000
593000 50.000000 50.000000
594000 50.000000 50.000000
595000 50.000000 50.000000
596000 50.000000 50.000000
597000 50.000000 50.000000
598000 50.000000 50.000000
599000 50.000000 50.000000
600000 50.000000 50.000000
601000 50.000000 50.000000
602000 50.000000 50.000000
603000 50.000000 50.000000
604000 50.000000 50.000000
605000 50.000000 50.000000
606000 50.000000 50.000000
607000 50.000000 50.000000
608000 50.000000 50.000000
609000 50.000000 50.000000
610000 50.000000 50.000000
611000 50.000000 50.000000
612000 50.000000 50.000000
613000 50.000000 50.000000
614000 50.000000 50.000000
615000 50.000000 50.000000
616000 50.000000 50.000000
617000 50.000000 50.000000
618000 50.000000 50.000000
619000 50.000000 50.000000
620000 50.000000 50.000000
621000 50.000000 50.000000
622000 50.000000 50.000000
623000 50.000000 50.000000
624000 50.000000 50.000000
625000 50.000000 50.000000
626000 50.000000 50.000000
627000 50.000000 50.000000
628000 50.000000 50.000000
629000 50.000000 50.000000
630000 50.000000 50.000000
631000 50.000000 50.000000
632000 50.000000 50.000000
633000 50.000000 50.000000
634000 50.000000 50.000000
635000 50.000000 50.000000
636000 50.000000 50.000000
637000 50.000000 50.000000
638000 50.000000 50.000000
639000 50.000000 50.000000
640000 50.000000 50.000000
641000 50.000000 50.000000
642000 50.000000 50.000000
643000 50.000000 50.000000
644000 50.000000 50.000000
645000 50.000000 50.000000
646000 50.000000 50.000000
647000 50.000000 50.000000
648000 50.000000 50.000000
649000 50.000000 50.000000
650000 50.000000 50.000000
651000 50.000000 50.000000
652000 50.000000 50.000000
653000 50.000000 50.000000
654000 50.000000 50.000000
655000 50.000000 50.000000
656000 50.000000 50.000000
657000 50.000000 50.000000
658000 50.000000 50.000000
659000 50.000000 50.000000
660000 50.000000 50.000000
661000 50.000000 50.000000
662000 50.000000 50.000000
663000 50.000000 50.000000
664000 50.000000 50.000000
665000 50.000000 50.000000
666000 50.000000 50.000000
667000 50.000000 50.000000
668000 50.000000 50.000000
669000 50.000000 50.000000
670000 50.000000 50.000000
671000 50.000000 50.000000
672000 50.000000 50.000000
673000 50.000000 50.000000
674000 50.000000 50.000000
675000 50.000000 50.000000
676000 50.000000 50.000000
677000 50.000000 50.000000
678000 50.000000 50.000000
679000 50.000000 50.000000
680000 50.000000 50.000000
681000 50.000000 50.000000
682000 50.000000 50.000000
683000 50.000000 50.000000
684000 50.000000 50.000000
685000 50.000000 50.000000
686000 50.000000 50.000000
687000 50.000000 50.000000
688000 50.000000 50.000000
689000 50.000000 50.000000
690000 50.000000 50.000000
691000 50.000000 50.000000
692000 50.000000 50.000000
693000 50.000000 50.000000
694000 50.000000 50.000000
695000 50.000000 50.000000
696000 50.000000 50.000000
697000 50.000000 50.000000
698000 50.000000 50.000000
699000 50.000000 50.000000
700000 50.000000 50.000000
701000 50.000000 50.000000
702000 50.000000 50.000000
703000 50.000000 50.000000
704000 50.000000 50.000000
705000 50.000000 50.000000
706000 50.000000 50.000000
707000 50.000000 50.000000
708000 50.000000 50.000000
709000 50.000000 50.000000
710000 50.000000 50.000000
711000 50.000000 50.000000
712000 50.000000 50.000000
713000 50.000000 50.000000
714000 50.000000 50.000000
715000 50.000000 50.000000
716000 50.000000 50.000000
717000 50.000000 50.000000
718000 50.000000 50.000000
719000 50.000000 50.000000
720000 50.000000 50.000000
721000 50.000000 50.000000
722000 50.000000 50.000000
723000 50.000000 50.000000
724000 50.000000 50.000000
725000 50.000000 50.000000
726000 50.000000 50.000000
727000 50.000000 50.000000
728000 50.000000 50.000000
729000 50.000000 50.000000
730000 50.000000 50.000000
731000 50.000000 50.000000
732000 50.000000 50.000000
733000 50.000000 50.000000
734000 50.000000 50.000000
735000 50.000000 50.000000
736000 50.000000 50.000000
737000 50.000000 50.000000
738000 50.000000 50.000000
739000 50.000000 50.000000
740000 50.000000 50.000000
741000 50.000000 50.000000
742000 50.000000 50.000000
743000 50.000000 50.000000
744000 50.000000 50.000000
745000 50.000000 50.000000
746000 50.000000 50.000000
747000 50.000000 50.000000
748000 50.000000 50.000000
749000 50.000000 50.000000
750000 50.000000 50.000000
751000 50.000000 50.000000
752000 50.000000 50.000000
753000 50.000000 50.000000
754000 50.000000 50.000000
755000 50.000000 50.000000
756000 50.000000 50.000000
757000 50.000000 50.000000
758000 50.000000 50.000000
759000 50.000000 50.000000
760000 50.000000 50.000000
761000 50.000000 50.000000
762000 50.000000 50.000000
763000 50.000000 50.000000
764000 50.000000 50.000000
765000 50.000000 50.000000
766000 50.000000 50.000000
767000 50.000000 50.000000
768000 50.000000 50.000000
769000 50.000000 50.000000
770000 50.000000 50.000000
771000 50.000000 50.000000
772000 50.000000 50.000000
773000 50.000000 50.000000
774000 50.000000 50.000000
775000 50.000000 50.000000
776000 50.000000 50.000000
777000 50.000000 50.000000
778000 50.000000 50.000000
779000 50.000000 50.000000
780000 50.000000 50.000000
781000 50.000000 50.000000
782000 50.000000 50.000000
783000 50.000000 50.000000
784000 50.000000 50.000000
785000 50.000000 50.000000
786000 50.000000 50.000000
787000 50.000000 50.000000
788000 50.000000 50.000000
789000 50.000000 50.000000
790000 50.000000 50.000000
791000 50.000000 50.000000
792000 50.000000 50.000000
793000 50.000000 50.000000
794000 50.000000 50.000000
795000 50.000000 50.000000
796000 50.000000 50.000000
797000 50.000000 50.000000
798000 50.000000 50.000000
799000 50.000000 50.000000
800000 50.000000 50.000000
801000 50.000000 50.000000
802000 50.000000 50.000000
803000 50.000000 50.000000
804000 50.000000 50.000000
805000 50.000000 50.000000
806000 50.000000 50.000000
807000 50.000000 50.000000
808000 50.000000 50.000000
809000 50.000000 50.000000
810000 50.000000 50.000000
811000 50.000000 50.000000
812000 50.000000 50.000000
813000 50.000000 50.000000
814000 50.000000 50.000000
815000 50.000000 50.000000
816000 50.000000 50.000000
817000 50.000000 50.000000
818000 50.000000 50.000000
819000 50.000000 50.000000
820000 50.000000 50.000000
821000 50.000000 50.000000
822000 50.000000 50.000000
823000 50.000000 50.000000
824000 50.000000 50.000000
825000 50.000000 50.000000
826000 50.000000 50.000000
827000 50.000000 50.000000
828000 50.000000 50.000000
829000 50.000000 50.000000
830000 50.000000 50.000000
831000 50.000000 50.000000
832000 50.000000 50.000000
833000 50.000000 50.000000
834000 50.000000 50.000000
835000 50.000000 50.000000
836000 50.000000 50.000000
837000 50.000000 50.000000
838000 50.000000 50.000000
839000 50.000000 50.000000
840000 50.000000 50.000000
841000 50.000000 50.000000
842000 50.000000 50.000000
843000 50.000000 50.000000
844000 50.000000 50.000000
845000 50.000000 50.000000
846000 50.000000 50.000000
847000 50.000000 50.000000
848000 50.000000 50.000000
849000 50.000000 50.000000
850000 50.000000 50.000000
851000 50.000000 50.000000
852000 50.000000 50.000000
853000 50.000000 50.000000
854000 50.000000 50.000000
855000 50.000000 50.000000
856000 50.000000 50.000000
857000 50.000000 50.000000
858000 50.000000 50.000000
859000 50.000000 50.000000
860000 50.000000 50.000000
861000 50.000000 50.000000
862000 50.000000 50.000000
863000 50.000000 50.000000
864000 50.000000 50.000000
865000 50.000000 50.000000
866000 50.000000 50.000000
867000 50.000000 50.000000
868000 50.000000 50.000000
869000 50.000000 50.000000
870000 50.000000 50.000000
871000 50.000000 50.000000
872000 50.000000 50.000000
873000 50.000000 50.000000
874000 50.000000 50.000000
875000 50.000000 50.000000
876000 50.000000 50.000000
877000 50.000000 50.000000
878000 50.000000 50.000000
879000 50.000000 50.000000
880000 50.000000 50.000000
881000 50.000000 50.000000
882000 50.000000 50.000000
883000 50.000000 50.000000
884000 50.000000 50.000000
885000 50.000000 50.000000
886000 50.000000 50.000000
887000 50.000000 50.000000
888000 50.000000 50.000000
889000 50.000000 50.000000
890000 50.000000 50.000000
891000 50.000000 50.000000
892000 50.000000 50.000000
893000 50.000000 50.000000
894000 50.000000 50.000000
895000 50.000000 50.000000
896000 50.000000 50.000000
897000 50.000000 50.000000
898000 50.000000 50.000000
899000 50.000000 50.000000
900000 50.000000 50.000000
901000 50.000000 50.000000
902000 50.000000 50.000000
903000 50.000000 50.000000
904000 50.000000 50.000000
905000 50.000000 50.000000
906000 50.000000 50.000000
907000 50.000000 50.000000
908000 50.000000 50.000000
909000 50.000000 50.000000
910000 50.000000 50.000000
911000 50.000000 50.000000
912000 50.000000 50.000000
913000 50.000000 50.000000
914000 50.000000 50.000000
915000 50.000000 50.000000
916000 50.000000 50.000000
917000 50.000000 50.000000
918000 50.000000 50.000000
919000 50.000000 50.000000
920000 50.000000 50.000000
921000 50.000000 50.000000
922000 50.000000 50.000000
923000 50.000000 50.000000
924000 50.000000 50.000000
925000 50.000000 50.000000
926000 50.000000 50.000000
927000 50.000000 50.000000
928000 50.000000 50.000000
929000 50.000000 50.000000
930000 50.000000 50.000000
931000 50.000000 50.000000
932000 50.000000 50.000000
933000 50.000000 50.000000
934000 50.000000 50.000000
935000 50.000000 50.000000
936000 50.000000 50.000000
937000 50.000000 50.000000
938000 50.000000 50.000000
939000 50.000000 50.000000
940000 50.000000 50.000000
941000 50.000000 50.000000
942000 50.000000 50.000000
943000 50.000000 50.000000
944000 50.000000 50.000000
945000 50.000000 50.000000
946000 50.000000 50.000000
947000 50.000000 50.000000
948000 50.000000 50.000000
949000 50.000000 50.000000
950000 50.000000 50.000000
951000 50.000000 50.000000
952000 50.000000 50.000000
953000 50.000000 50.000000
954000 50.000000 50.000000
955000 50.000000 50.000000
956000 50.000000 50.000000
957000 50.000000 50.000000
958000 50.000000 50.000000
959000 50.000000 50.000000
960000 50.000000 50.000000
961000 50.000000 50.000000
962000 50.000000 50.000000
963000 50.000000 50.000000
964000 50.000000 50.000000
965000 50.000000 50.000000
966000 50.000000 50.000000
967000 50.000000 50.000000
968000 50.000000 50.000000
969000 50.000000 50.000000
970000 50.000000 50.000000
971000 50.000000 50.000000
972000 50.000000 50.000000
973000 50.000000 50.000000
974000 50.000000 50.000000
975000 50.000000 50.000000
976000 50.000000 50.000000
977000 50.000000 50.000000
978000 50.000000 50.000000
979000 50.000000 50.000000
980000 50.000000 50.000000
981000 50.000000 50.000000
982000 50.000000 50.000000
983000 50.000000 50.000000
984000 50.000000 50.000000
985000 50.000000 50.000000
986000 50.000000 50.000000
987000 50.000000 50.000000
988000 50.000000 50.000000
989000 50.000000 50.000000
990000 50.000000 50.000000
991000 50.000000 50.000000
992000 50.000000 50.000000
993000 50.000000 50.000000
994000 50.000000 50.000000
995000 50.000000 50.000000
996000 50.000000 50.000000
997000 50.000000 50.000000
998000 50.000000 50.000000
999000 50.000000 50.000000
